ID1,ID2,Latitude,Longitude,Elevation,Tmax01,Tmax02,Tmax03,Tmax04,Tmax05,Tmax06,Tmax07,Tmax08,Tmax09,Tmax10,Tmax11,Tmax12,Tmin01,Tmin02,Tmin03,Tmin04,Tmin05,Tmin06,Tmin07,Tmin08,Tmin09,Tmin10,Tmin11,Tmin12,Tave01,Tave02,Tave03,Tave04,Tave05,Tave06,Tave07,Tave08,Tave09,Tave10,Tave11,Tave12,PPT01,PPT02,PPT03,PPT04,PPT05,PPT06,PPT07,PPT08,PPT09,PPT10,PPT11,PPT12,Rad01,Rad02,Rad03,Rad04,Rad05,Rad06,Rad07,Rad08,Rad09,Rad10,Rad11,Rad12,DD_0_01,DD_0_02,DD_0_03,DD_0_04,DD_0_05,DD_0_06,DD_0_07,DD_0_08,DD_0_09,DD_0_10,DD_0_11,DD_0_12,DD5_01,DD5_02,DD5_03,DD5_04,DD5_05,DD5_06,DD5_07,DD5_08,DD5_09,DD5_10,DD5_11,DD5_12,DD_18_01,DD_18_02,DD_18_03,DD_18_04,DD_18_05,DD_18_06,DD_18_07,DD_18_08,DD_18_09,DD_18_10,DD_18_11,DD_18_12,DD18_01,DD18_02,DD18_03,DD18_04,DD18_05,DD18_06,DD18_07,DD18_08,DD18_09,DD18_10,DD18_11,DD18_12,NFFD01,NFFD02,NFFD03,NFFD04,NFFD05,NFFD06,NFFD07,NFFD08,NFFD09,NFFD10,NFFD11,NFFD12,PAS01,PAS02,PAS03,PAS04,PAS05,PAS06,PAS07,PAS08,PAS09,PAS10,PAS11,PAS12,Eref01,Eref02,Eref03,Eref04,Eref05,Eref06,Eref07,Eref08,Eref09,Eref10,Eref11,Eref12,CMD01,CMD02,CMD03,CMD04,CMD05,CMD06,CMD07,CMD08,CMD09,CMD10,CMD11,CMD12,RH01,RH02,RH03,RH04,RH05,RH06,RH07,RH08,RH09,RH10,RH11,RH12,CMI01,CMI02,CMI03,CMI04,CMI05,CMI06,CMI07,CMI08,CMI09,CMI10,CMI11,CMI12
1,1,50.983898,-119.726943,893,-2.8,1.8,7.5,12.5,18.6,22,25.5,25.3,19.4,10.9,2.8,-1.6,-9.7,-6.1,-2.5,0.7,5,9,11.3,11.4,7.5,2.1,-3.2,-7.2,-6.3,-2.1,2.5,6.6,11.8,15.5,18.4,18.3,13.5,6.5,-0.2,-4.4,72,41,31,38,42,45,43,41,42,44,55,79,2.6,5.3,10.4,15,18.7,20.8,21.6,18,12.1,6.1,2.8,1.8,213,97,34,6,0,0,0,0,0,6,66,159,0,0,21,75,213,315,416,414,256,80,8,0,753,560,483,342,200,93,31,35,146,359,546,691,0,0,0,0,4,17,43,46,11,0,0,0,1,2,8,17,28,30,31,31,29,21,7,2,57,24,7,2,0,0,0,0,1,1,20,55,0,0,35,63,104,120,135,113,65,29,0,0,0,0,4,25,62,76,92,72,23,0,0,0,71,69,65,61,58,60,58,59,63,71,77,76,7.17,3.67,1.28,-0.27,-3.72,-5.08,-7.62,-7.65,-3.72,1.22,4.84,7.83
2,2,49.027631,-114.195968,1959,-5.8,-2.2,2.4,5.5,10.4,15.9,20,19.6,15.2,9.2,0.2,-4.1,-13.3,-10.3,-6.8,-3.6,0.5,4.9,8.4,7.8,4,-0.9,-7.8,-12,-9.6,-6.2,-2.2,0.9,5.5,10.4,14.2,13.7,9.6,4.1,-3.8,-8.1,209,138,150,145,167,136,80,60,89,108,190,204,5.9,9.6,14.1,18.2,22.1,24.9,26.3,23.2,16.4,10,6,4.5,299,192,108,43,4,0,0,0,1,14,146,260,0,0,0,12,53,163,285,272,146,44,0,0,854,675,627,512,389,229,122,134,252,431,653,805,0,0,0,0,0,1,6,6,3,0,0,0,0,1,2,5,16,27,31,31,25,12,2,0,194,127,127,97,42,3,1,1,5,13,135,189,0,0,0,44,71,95,110,94,58,30,0,0,0,0,0,0,0,0,30,34,0,0,0,0,67,66,64,67,67,65,64,63,64,66,67,66,20.86,13.83,14.46,13.19,13.36,6.57,-1.07,-3.01,2.33,8.02,18.84,20.44
3,3,49.705567,-121.407693,751,-0.6,3.7,8.6,12.4,17.1,20.7,24.7,24.9,19.9,11.7,4,0.6,-5.8,-2.7,-0.4,1.9,5.4,8.7,11.5,12,8.5,3.7,-1.2,-4.3,-3.2,0.5,4.1,7.2,11.2,14.7,18.1,18.4,14.2,7.7,1.4,-1.9,227,150,108,101,64,52,41,43,61,155,218,228,3.7,6.3,10.8,16,19.9,22.8,23.9,19.5,13.4,7,4,2.7,133,54,22,5,0,0,0,0,0,3,42,98,0,7,35,84,198,290,405,417,278,107,13,2,659,486,433,326,214,112,35,34,127,320,499,613,0,0,0,0,2,12,38,48,14,0,0,0,4,7,14,20,28,30,31,31,29,25,11,5,119,42,10,5,1,0,0,0,1,2,51,96,0,16,37,63,96,114,131,112,67,30,11,0,0,0,0,0,33,61,90,69,6,0,0,0,78,76,69,65,63,63,61,61,65,73,81,80,22.49,14.14,8.61,6.14,-0.43,-3.17,-6.88,-6.75,-1.83,11.94,20.82,22.4
4,4,49.784209,-123.118287,610,1.9,5.2,8.2,11.4,16.1,18.9,22.1,22.7,19.2,12,5.5,2.6,-3.7,-1.2,0.5,2.3,5.7,8.6,11,11.4,9,4.3,0,-2.1,-0.9,2,4.4,6.9,10.9,13.8,16.5,17.1,14.1,8.2,2.7,0.2,302,269,247,154,116,89,59,68,117,317,411,380,3.9,6.2,10.2,15.4,19.6,22.4,23.5,19.4,13.1,6.5,3.8,2.8,83,37,20,5,0,0,0,0,0,3,28,61,3,13,34,75,189,262,359,375,274,118,21,7,587,443,425,335,221,134,63,57,130,305,458,548,0,0,0,0,1,8,19,27,13,0,1,0,7,10,16,21,29,30,31,31,29,26,15,9,91,41,20,8,2,0,0,0,1,4,62,83,0,17,35,57,89,102,115,100,63,30,12,7,0,0,0,0,0,13,55,32,0,0,0,0,78,77,74,70,67,68,66,66,68,74,81,82,29.67,25.74,22.63,12,5.62,1.92,-2.73,-2.23,4.58,28.07,39.83,37.35
5,5,49.681343,-120.603604,1250,-2.7,1.6,6.2,10.5,15.3,18.9,22.8,23.1,18.6,10.7,2,-1.9,-10.2,-6.7,-3.8,-1.3,2.2,5.5,7.9,8.3,4.8,0.4,-5.1,-8.6,-6.4,-2.5,1.2,4.6,8.7,12.2,15.3,15.7,11.7,5.6,-1.5,-5.2,92,44,35,39,38,36,31,32,32,46,75,101,3.6,6.7,11.5,16.4,20.1,23,24.1,19.8,14.2,7.6,3.8,2.6,216,105,48,12,1,0,0,0,0,8,92,182,0,0,9,41,126,217,321,332,206,64,2,0,758,571,523,403,288,175,93,87,191,387,586,717,0,0,0,0,0,4,10,14,6,0,0,0,1,2,5,10,21,28,31,31,26,16,4,1,74,28,14,7,2,0,0,0,1,3,37,78,0,0,34,59,93,111,129,110,68,32,0,0,0,0,0,21,55,75,98,79,36,0,0,0,68,67,64,60,58,58,55,56,57,66,72,72,9.21,4.05,2.09,0.81,-2.28,-4.76,-7.81,-7.84,-5.11,1.41,7,10.12
6,6,53.762291,-121.218785,977,-5.3,0.1,4.6,9,15.3,18.7,21.3,21.1,15.8,8.6,0.2,-4,-13,-7.9,-4.7,-1.4,2.8,6.3,8.4,8.6,4.7,0.5,-5.6,-10.4,-9.1,-3.9,-0.1,3.8,9.1,12.5,14.9,14.8,10.2,4.6,-2.7,-7.2,128,141,72,58,67,106,84,74,90,134,117,120,3.1,5.6,11.3,15.7,18.8,20.9,20.5,17.9,11.3,5.7,3.4,2.3,286,135,67,17,1,0,0,0,1,12,120,237,0,0,3,31,135,225,303,302,163,50,0,0,841,609,563,427,277,166,104,106,235,418,622,778,0,0,1,0,0,4,8,10,3,0,2,0,0,1,4,10,23,29,31,31,26,16,3,1,118,110,43,15,3,1,0,1,4,13,72,107,0,0,0,50,87,104,113,93,52,22,0,0,0,0,0,0,20,0,29,18,0,0,0,0,67,67,65,64,60,61,61,62,64,72,76,73,12.84,13.94,6.19,3.45,0.71,2.84,-0.75,-1.53,2.73,11.09,11.4,12
7,7,55.246686,-127.667701,418,-4.6,2,7.2,12.1,18.2,20.8,23,22.4,17.4,10.1,1.5,-3.3,-11.3,-6,-2.2,0.4,4.5,7.3,9.7,9.4,5.8,2.2,-4.2,-8.7,-8,-2,2.5,6.3,11.3,14,16.3,15.9,11.6,6.1,-1.3,-6,56,38,25,29,49,57,58,51,61,76,58,57,2.1,4.6,9.4,14,18,19.5,19.6,16.2,10.6,4.7,2.4,1.3,254,94,34,7,0,0,0,0,0,6,88,204,0,0,18,65,201,271,352,339,203,75,2,0,805,556,482,353,211,127,68,82,194,369,579,741,0,0,1,0,3,9,17,16,5,1,2,0,1,3,9,16,27,29,31,31,27,21,5,1,49,22,5,2,1,0,0,0,2,3,27,47,0,0,29,57,98,113,118,95,53,22,0,0,0,0,5,28,49,55,60,44,0,0,0,0,71,68,67,62,57,59,60,61,64,73,77,77,5.57,3.34,0.82,-0.73,-2.52,-2.84,-3.82,-4.14,-0.5,4.87,5.32,5.69
8,8,55.152413,-128.864044,1400,-4.5,-0.7,2.3,5.2,10.7,13.2,15.5,15.1,11,4.8,-0.7,-3.6,-11.4,-7.8,-5.7,-3.5,0.3,3.2,5.6,6.3,3.1,-1.3,-7.2,-9.9,-7.9,-4.2,-1.7,0.8,5.5,8.2,10.6,10.7,7.1,1.8,-3.9,-6.8,169,173,127,79,63,73,66,84,146,229,181,208,2.2,4.4,8.9,13.5,18.3,19.3,19,15.6,9.9,4.4,2.4,1.2,254,143,97,44,4,1,0,0,2,33,149,224,0,0,0,3,54,104,171,175,82,23,0,0,804,619,612,515,388,294,231,228,329,505,657,764,1,1,2,1,0,0,0,1,0,2,3,2,1,1,3,5,15,24,30,30,23,11,2,1,149,139,102,54,16,5,2,3,19,82,130,180,0,0,0,38,68,79,85,66,37,16,0,0,0,0,0,0,5,6,19,0,0,0,0,0,70,70,69,68,65,67,68,72,74,78,73,73,16.91,17.15,12.11,6.71,3.03,2.54,0.39,2.64,11.18,21.72,17.96,20.77
9,9,50.637649,-117.925386,747,-2.5,1.9,7.7,13.1,19.6,22.8,26.2,25.5,19.8,10.4,2.6,-1.5,-8.2,-4.8,-1.7,1.3,5.6,9.2,11.6,11.3,7.8,3,-1.8,-6.1,-5.4,-1.4,3,7.2,12.6,16,18.9,18.4,13.8,6.7,0.4,-3.8,141,82,64,70,48,52,50,43,51,91,120,175,2.6,6,11.2,15.4,18.9,20.6,21.6,18.5,12.6,6.5,2.9,1.9,188,84,30,5,0,0,0,0,0,5,55,143,0,2,25,88,240,330,431,416,266,85,10,1,725,540,469,324,178,81,25,34,138,352,527,672,0,0,0,0,6,21,53,47,12,0,1,0,2,4,10,18,28,30,31,31,29,23,10,3,101,41,11,3,0,0,0,0,1,3,37,111,0,0,35,65,109,125,140,115,66,27,9,0,0,0,0,0,61,73,89,72,15,0,0,0,76,73,67,62,57,59,57,58,63,75,83,81,14.07,7.67,4.57,2.61,-3.58,-4.74,-7.36,-7.42,-2.9,6.13,11.28,17.4
10,10,54.515611,-125.704798,867,-5.8,0.3,4.6,8.6,15.1,17.9,21,20.7,16,8.8,-0.1,-4.4,-13.6,-8.3,-4.9,-1.4,2.5,5.3,8.1,7.9,4.3,0.4,-6,-10.7,-9.7,-4,-0.1,3.6,8.8,11.6,14.6,14.3,10.1,4.6,-3,-7.6,59,43,36,28,40,50,39,42,37,63,58,68,2.4,4.6,9.6,13.8,18.2,20.4,20.3,17.1,11,4.8,2.6,1.5,304,137,68,18,1,0,0,0,1,12,127,247,0,0,2,28,127,199,295,287,161,50,0,0,859,611,564,433,287,193,113,119,236,417,630,789,0,0,1,0,0,3,7,7,3,0,2,0,0,1,4,10,22,28,31,31,25,16,3,1,55,34,22,8,2,1,0,1,2,6,38,61,0,0,0,47,86,101,111,91,52,22,0,0,0,0,0,19,45,50,72,49,15,0,0,0,66,65,64,65,60,61,60,61,63,72,75,73,5.9,4.14,2.64,0.64,-1.68,-2.31,-5.04,-4.53,-2.73,3.94,5.6,6.77
11,11,54.890431,-126.898907,1700,-6.9,-2.9,-0.5,2.9,9.2,12,14.6,14.4,10.4,3.6,-3.3,-5.8,-13.3,-9.4,-7.9,-5.3,-1.2,2,4.4,5.1,1.9,-2.8,-9,-11.6,-10.1,-6.2,-4.2,-1.2,4,7,9.5,9.7,6.1,0.4,-6.1,-8.7,147,97,69,67,48,94,71,56,50,180,147,157,3.3,5.8,11,15.1,19.6,21.8,21.5,18.6,12.6,6.1,3.8,2.1,316,190,158,80,10,2,0,0,4,53,200,276,0,0,0,0,33,77,138,145,63,15,0,0,871,672,690,576,435,330,264,258,357,549,723,825,1,1,2,0,0,0,0,0,0,2,3,1,0,1,1,3,10,21,29,29,20,7,1,0,139,88,66,59,20,12,4,3,8,102,127,148,0,0,0,0,64,76,83,66,37,15,0,0,0,0,0,0,16,0,12,10,0,0,0,0,72,72,69,68,64,67,67,70,71,76,75,75,14.7,9.66,6.82,6.02,2.13,5.24,1.16,-0.17,1.73,17.09,14.73,15.72
12,12,55.624866,-127.020255,951,-5.4,0.4,4.2,8,14.8,17.9,20.2,19.6,14.9,7.7,0.1,-4.2,-13.3,-8.4,-5.1,-2.1,1.8,5.2,7.5,7,3.4,-0.1,-6.1,-10.6,-9.3,-4,-0.5,2.9,8.3,11.6,13.9,13.3,9.2,3.8,-3,-7.4,77,63,52,45,56,66,63,62,64,96,76,87,2.3,4.8,10.2,15.1,19,20.4,20.4,16.9,11.3,5,2.7,1.6,292,138,73,22,1,0,0,0,1,16,127,242,0,0,0,20,114,198,275,260,133,40,0,0,847,613,574,453,301,194,131,146,266,442,630,784,0,0,2,0,0,3,5,5,2,1,2,1,0,1,3,8,20,28,31,30,23,14,3,1,71,49,34,17,4,1,1,1,4,14,49,78,0,0,0,45,84,100,107,86,48,19,0,0,0,0,0,0,29,35,43,24,0,0,0,0,66,64,65,65,59,60,61,61,63,73,74,72,7.67,6.13,4.36,2.53,0.02,-0.95,-2.25,-2.1,0.71,7.68,7.4,8.71
13,13,48.605112,-123.525428,74,6.6,9,12,14.3,18.3,21,23.9,24.2,20.9,14.8,9.7,7.4,1.1,2.7,4,5.2,8,10.4,12.4,12.7,10.7,7.1,3.9,2.7,3.8,5.9,8,9.7,13.2,15.7,18.2,18.5,15.8,10.9,6.8,5,163,122,93,54,33,34,19,26,34,93,180,189,3.6,6.2,9.5,14.6,18.7,20.4,21.1,18.2,13.1,6.6,3.8,2.7,27,14,7,2,0,0,0,0,0,1,7,18,33,52,97,142,257,321,408,418,325,191,76,48,442,336,312,249,162,88,34,34,90,219,336,400,0,0,1,1,7,18,39,48,24,1,0,0,18,21,26,27,30,30,31,31,30,29,24,23,10,3,1,1,0,0,0,0,0,0,6,6,13,21,43,66,97,111,124,107,68,35,16,10,0,0,0,11,64,77,104,82,34,0,0,0,81,79,74,70,68,67,66,65,69,75,80,84,14.84,9.99,5.86,0.67,-3.12,-4.14,-7.27,-6.83,-3.98,4.62,15.5,17.27
14,14,49.928098,-119.518584,442,0.3,4.6,11.1,16.2,21.9,25.7,29.2,28.9,23,14.4,6.4,1.7,-5.7,-2.2,1.4,3.9,8.1,11.7,14.2,14,9.7,4.4,0.2,-3.5,-2.7,1.2,6.2,10.1,15,18.7,21.7,21.4,16.4,9.4,3.3,-0.9,37,21,17,25,31,29,25,30,27,24,30,42,3,6.3,11.1,15.7,19.3,21.5,22.8,19.1,13.7,7.5,3.3,2,121,46,12,2,0,0,0,0,0,2,23,79,2,13,71,156,311,411,518,509,342,149,31,7,643,467,367,238,113,34,7,9,77,268,441,582,0,0,0,3,17,58,120,115,30,0,0,0,4,8,19,25,30,30,31,31,29,26,15,7,17,4,0,0,0,0,0,0,0,0,4,13,0,16,42,75,118,138,154,129,77,36,13,0,0,0,25,50,87,109,129,99,50,12,0,0,75,75,68,61,58,59,57,57,60,67,78,80,3.41,1.04,-1.46,-3.82,-6.12,-8.58,-11.81,-10.91,-7.01,-2.7,1.48,3.68
15,15,56.326242,-120.945103,740,-9.5,-3.3,1.7,9.6,16.6,20.4,22.5,21.7,16.1,9.3,-2.8,-6.9,-18.8,-13.8,-9.4,-1.9,3.4,7.7,9.9,9,4.4,-0.2,-10.9,-15.6,-14.2,-8.6,-3.9,3.8,10,14.1,16.2,15.3,10.3,4.5,-6.9,-11.2,32,24,27,23,47,75,72,46,39,32,34,30,2.2,5.2,10.8,16.1,19.7,21.8,20.8,17.3,11.1,5.5,2.6,1.6,441,247,150,16,0,0,0,0,1,12,214,350,0,0,0,37,162,271,348,322,165,49,0,0,996,740,680,425,249,127,71,95,233,419,746,902,0,0,0,0,2,9,16,12,3,0,0,0,0,0,1,9,24,29,31,31,25,14,1,0,32,24,26,6,1,0,0,0,2,3,31,29,0,0,0,49,90,108,113,91,49,21,0,0,0,0,0,26,43,32,41,44,10,0,0,0,59,56,56,61,58,61,62,61,63,68,66,62,3.25,2.42,2.56,-0.16,-2.21,-0.9,-2.27,-4.47,-2.51,0.78,3.44,2.96
16,16,54.055858,-124.616005,784,-6.1,0.4,5.4,10.3,16.8,19.5,22.6,22.4,17.3,10,0.4,-4.6,-15.3,-9.8,-5.6,-1.5,2.6,5.9,8.4,8.1,4.2,-0.2,-6.7,-12.3,-10.7,-4.7,-0.1,4.4,9.7,12.7,15.5,15.2,10.7,4.9,-3.1,-8.4,52,32,32,25,42,56,51,47,43,52,54,60,2.4,4.8,9.9,14.2,18.6,21,20.7,17.7,11.1,5.1,2.7,1.8,335,154,67,13,0,0,0,0,0,10,129,269,0,0,5,39,152,231,326,317,177,55,0,0,890,632,564,410,259,156,89,98,220,407,633,816,0,0,0,0,0,5,11,12,4,0,0,0,0,1,3,10,22,28,31,31,25,14,2,0,50,27,19,5,1,0,0,0,2,4,35,56,0,0,0,54,95,110,121,99,57,25,0,0,0,0,0,29,53,53,70,52,13,0,0,0,60,59,59,60,55,58,57,57,59,66,71,67,5.18,3.18,2.16,-0.32,-2.8,-2.68,-4.98,-5.19,-2.85,2.46,5.15,6.02
17,17,48.872082,-123.311903,-35,6.8,9.5,12.6,14.9,18.8,21.2,23.8,24.4,20.9,15.1,10.1,7.8,1.5,3.6,4.8,6,8.7,10.9,12.7,13,11.1,7.8,4.3,3.3,4.2,6.5,8.7,10.4,13.8,16.1,18.3,18.7,16,11.5,7.2,5.5,126,92,76,51,36,37,21,28,37,86,142,139,3.1,6,9.6,14.9,19.1,20.9,21.7,18.5,13.1,6.5,3.4,2.2,24,12,6,1,0,0,0,0,0,1,6,16,37,63,114,160,275,332,411,425,330,205,84,57,432,317,290,229,146,80,33,30,85,206,324,383,0,0,2,3,9,22,41,52,26,2,1,0,19,23,27,28,30,30,31,31,30,30,25,24,7,2,0,0,0,0,0,0,0,0,4,3,12,21,43,66,98,111,122,107,67,35,16,10,0,0,0,16,62,74,101,79,30,0,0,0,81,80,74,71,68,68,66,66,70,76,80,84,11.08,6.87,3.88,0.14,-2.87,-3.83,-6.83,-6.48,-3.51,4.02,11.62,12.13
18,18,51.308707,-121.812159,1169,-3.7,1.4,6.2,10.3,16.2,19.5,22.9,22.8,17.8,10.5,1.6,-3.3,-12.8,-9,-5.1,-2.1,2.1,5.6,7.8,7,3.6,-0.9,-7,-10.8,-8.3,-3.8,0.5,4.1,9.1,12.6,15.3,14.9,10.7,4.8,-2.7,-7,44,26,20,32,39,41,40,39,36,32,36,48,3.4,5.8,10.8,15.4,19.1,21.9,22.5,18.6,12.8,6.6,3.5,2.5,262,133,57,15,1,0,0,0,0,11,118,232,0,0,6,35,137,227,321,304,178,53,0,0,814,606,543,418,275,159,92,105,219,410,620,772,0,0,0,0,0,4,10,10,4,0,1,0,0,1,3,8,21,28,31,30,24,12,2,1,39,20,10,7,2,0,0,0,1,3,22,42,0,0,33,58,96,113,128,108,64,30,0,0,0,0,13,26,57,71,88,69,27,0,0,0,61,59,59,58,56,57,55,53,56,62,66,68,4.4,2.37,0.7,0.31,-2.84,-4.57,-6.97,-7.09,-4.31,0.08,3.23,4.8
19,19,55.310914,-122.671534,1139,-7.9,-2.9,1.3,6.6,13,17,19.4,18.8,13,6.2,-2.5,-6.6,-15,-10.6,-7.7,-2.8,1.4,5.7,7.9,7.7,3.6,-0.6,-8.5,-12.6,-11.5,-6.8,-3.2,1.9,7.2,11.3,13.7,13.3,8.3,2.8,-5.5,-9.6,173,150,135,83,77,93,90,68,90,171,182,184,3.1,6.2,11.9,16.6,19.7,21.5,21,18.7,12.1,6.4,3.7,2.3,358,206,132,31,2,0,0,0,1,23,186,297,0,0,0,15,87,190,269,258,111,30,0,0,912,690,658,483,335,201,135,149,291,473,704,853,0,0,1,0,0,2,4,5,2,1,2,0,0,1,1,6,19,28,31,30,24,13,1,0,168,140,124,44,9,1,1,1,8,40,151,177,0,0,0,42,77,94,101,81,42,17,0,0,0,0,0,0,0,1,11,13,0,0,0,0,69,67,64,66,62,64,64,65,69,76,74,74,17.33,14.96,13.25,6.72,3.2,2.37,0.97,-0.88,4.49,15.59,18.23,18.4
20,20,50.568093,-122.725004,1187,-2.1,2.2,6.4,9.9,15.1,18.6,21.7,21.6,17.1,9.9,1.9,-1.5,-8.9,-6,-3.7,-1.2,2.7,6.1,8.1,8.5,5.7,1,-4.3,-7.6,-5.5,-1.9,1.4,4.4,8.9,12.4,14.9,15,11.4,5.5,-1.2,-4.6,136,95,73,51,42,48,35,44,56,104,132,123,3.7,7.5,12,16.6,19.8,22.9,24,20.3,14.4,8.3,4.2,2.7,193,93,46,13,1,0,0,0,0,8,86,163,0,0,8,37,130,222,303,312,197,63,1,0,730,554,517,409,283,170,104,101,198,390,577,696,0,0,0,0,0,4,8,11,5,0,1,0,1,3,6,11,23,29,31,31,27,18,5,2,100,54,27,10,2,0,0,0,2,6,61,87,0,0,34,56,90,107,120,101,60,28,0,0,0,0,0,5,48,59,85,57,4,0,0,0,71,68,64,62,60,61,59,60,64,70,75,74,13.59,8.97,5.79,2.28,-1.77,-3.18,-6.28,-5.26,-1.44,7.52,12.63,12.26
21,21,53.470884,-128.836159,456,-1,3.1,7.2,9.7,15.6,17.5,20,20.1,15.9,9,3.1,0.3,-6.1,-2.8,-0.5,0.9,4.7,7.7,10.5,10.8,7.9,3.6,-1.4,-3.8,-3.6,0.2,3.3,5.3,10.1,12.6,15.3,15.5,11.9,6.3,0.9,-1.7,462,477,369,377,189,188,137,164,339,755,595,555,3.5,5.3,9.7,13.7,18.9,20.3,19.7,17.2,12.4,6.1,3.8,2.3,142,59,27,10,0,0,0,0,0,6,49,96,0,3,21,46,166,228,319,325,211,77,7,1,670,495,457,381,238,158,94,92,186,364,514,609,0,1,2,0,1,4,10,13,6,0,2,1,3,7,13,17,27,29,31,31,29,25,11,6,257,149,53,47,5,1,1,1,9,27,163,225,0,12,29,49,85,93,98,81,47,20,7,0,0,0,0,0,0,0,0,0,0,0,0,0,79,78,73,70,65,69,70,71,74,82,83,83,46.02,46.95,35.19,35.14,13.05,12.53,6.6,9.27,28.59,73.25,58.69,55.11
22,22,50.092915,-122.873008,1651,-3,-0.3,2.1,4.7,9.9,13.3,16,16.5,13.3,6.7,0.1,-2.1,-8.6,-6.6,-5.3,-3.4,0.1,3.4,6.6,7.2,5.1,-0.4,-5.8,-7.4,-5.8,-3.4,-1.6,0.7,5,8.4,11.3,11.9,9.2,3.2,-2.9,-4.7,218,187,165,102,75,90,50,81,102,195,232,247,6.3,8.8,12.6,17.6,21.3,24.3,25.5,21.8,15.6,9,6.5,4.7,199,124,95,47,6,1,0,0,1,20,123,168,0,0,0,5,46,108,194,213,134,34,0,0,738,596,610,520,404,290,208,192,265,461,625,702,0,0,0,0,0,0,1,2,2,0,1,0,2,2,3,5,14,25,30,30,26,14,3,2,164,138,132,72,22,6,1,2,7,38,145,179,0,0,0,40,69,83,89,77,47,23,0,0,0,0,0,0,0,0,40,0,0,0,0,0,76,74,71,70,67,68,70,70,73,75,75,78,21.83,18.53,15.95,9.02,4.52,3.98,-1.43,1.54,5.27,17.67,22.92,24.62
23,23,50.832093,-118.086335,809,-3.4,1.3,6.8,12.3,18.8,21.9,25.3,24.7,19.2,9.7,1.7,-2.3,-9.4,-5.8,-2.6,0.7,4.9,8.4,10.7,10.5,7,2.3,-2.8,-7.2,-6.4,-2.3,2.1,6.5,11.8,15.2,18,17.6,13.1,6,-0.6,-4.7,163,98,74,82,52,64,70,57,60,105,145,216,2.3,5.6,10.9,15.3,18.9,20.6,21.5,18.1,11.9,6.2,2.5,1.6,216,100,38,6,0,0,0,0,0,7,73,168,0,0,18,73,214,304,404,391,244,72,6,0,757,564,495,346,199,101,36,47,157,373,557,702,0,0,0,0,4,14,37,34,9,0,1,0,1,3,8,16,27,30,31,31,28,22,8,2,130,60,20,5,0,0,0,0,1,4,58,157,0,0,33,63,105,121,136,112,65,26,0,0,0,0,0,0,53,57,66,55,5,0,0,0,74,72,67,62,57,59,57,58,62,75,82,79,16.32,9.47,5.87,4.34,-2.8,-3.08,-4.91,-5.65,-1.79,7.78,13.93,21.62
24,24,48.956299,-123.533222,-16,6.6,9.1,12.2,14.7,18.7,21.2,23.9,24.5,20.9,14.9,9.9,7.6,1,2.9,4.3,5.6,8.8,11.3,13.1,13.4,11.2,7.6,3.9,2.8,3.8,6,8.3,10.1,13.7,16.2,18.5,18.9,16.1,11.3,6.9,5.2,142,108,89,56,40,40,23,31,39,98,158,163,-9999,-9999,-9999,-9999,-9999,-9999,-9999,-9999,-9999,-9999,-9999,-9999,27,13,6,2,0,0,0,0,0,1,7,17,33,54,103,151,274,336,419,433,333,199,79,52,443,332,304,237,146,77,29,27,84,211,333,394,0,0,2,2,9,23,46,57,27,2,1,0,18,21,26,28,30,30,31,31,30,30,24,23,9,3,1,0,0,0,0,0,0,0,5,5,12,21,43,66,97,109,121,106,67,34,16,10,0,0,0,10,57,69,98,76,27,0,0,0,81,79,74,70,69,70,67,67,70,76,80,83,12.74,8.57,5.39,0.67,-2.45,-3.41,-6.67,-6.25,-3.29,5.24,13.25,14.55
25,25,49.058142,-118.69578,1188,-1.8,2.5,7.4,11.9,17.2,21.3,25.8,25.8,20.6,11.8,2.9,-0.9,-10.1,-6.4,-3.2,0,3.9,7.4,10.2,10.4,6.5,1,-4.3,-8.3,-6,-1.9,2.1,5.9,10.6,14.4,18,18.1,13.6,6.4,-0.7,-4.6,66,40,37,34,56,48,27,42,26,34,54,72,2.9,6.6,11.3,15.8,19.7,22.1,23.6,19.9,14,7.5,3.1,2,204,93,38,8,0,0,0,0,0,6,75,164,0,1,19,63,179,280,404,407,258,80,6,0,744,554,495,362,229,120,36,39,144,360,560,697,0,0,0,0,2,10,37,42,11,0,0,0,1,2,6,14,26,29,31,31,28,18,5,2,50,23,10,3,1,0,0,0,0,1,22,52,0,0,37,64,101,122,143,122,74,35,0,0,0,0,0,30,44,74,116,81,48,1,0,0,65,65,62,61,58,58,54,55,57,64,72,69,6.57,3.51,1.95,-0.44,-1.86,-4.87,-10.33,-8.84,-6.69,-0.46,4.7,7.18
26,26,53.207,-120.96332,1452,-5.4,-1,2.6,6.8,12.5,16.3,18.9,18.9,14.1,7,-0.8,-4.3,-12.3,-8.3,-6,-2.6,1.7,4.9,7.3,7.9,4.1,-0.6,-6.7,-10.4,-8.9,-4.6,-1.7,2.1,7.1,10.6,13.1,13.4,9.1,3.2,-3.7,-7.4,128,88,73,78,81,93,89,79,80,121,116,129,3.7,6.5,12.3,16.2,19.5,21.8,21.6,18.8,12.5,6.8,4.1,2.8,275,153,98,29,2,0,0,0,1,20,144,241,0,0,0,15,84,169,253,262,131,34,0,0,833,630,613,477,339,223,148,144,268,461,651,783,0,1,1,0,0,2,3,5,2,0,2,1,0,1,3,7,20,27,31,31,25,13,2,1,117,74,59,39,10,2,1,1,5,23,81,115,0,0,0,44,76,94,102,84,48,21,0,0,0,0,0,0,0,1,12,5,0,0,0,0,70,69,67,66,64,63,64,66,67,73,75,74,12.79,8.78,6.69,6.15,3.81,2.38,0.89,-0.02,2.63,10.27,11.41,12.86
27,27,49.478418,-124.694376,26,5.5,8.1,11.6,14.3,19,21.6,24.6,24.9,20.9,14.4,8.8,6.3,0.1,1.8,3.1,4.3,7.7,10.6,12.5,12.8,10,6.5,3,1.7,2.8,5,7.4,9.3,13.3,16.1,18.6,18.9,15.5,10.4,5.9,4,176,148,118,61,40,40,27,29,43,134,213,208,3.3,5.6,9.4,14.5,19.3,20.7,21.4,18.3,13,6.5,3.6,2.4,35,18,8,2,0,0,0,0,0,1,10,24,23,40,84,131,262,333,421,430,314,177,60,35,473,361,332,261,157,79,28,28,97,236,363,432,0,0,1,1,8,22,47,56,22,1,1,0,15,18,24,26,30,30,31,31,30,29,22,20,16,6,2,1,0,0,0,0,0,0,10,10,11,19,42,67,102,114,127,110,68,34,14,9,0,0,0,5,61,73,100,81,25,0,0,0,81,78,72,67,65,66,64,64,66,74,80,84,16.39,12.84,8.5,1.34,-2.88,-3.87,-7.02,-7.04,-3.23,8.83,19.24,19.39
28,28,50.034004,-123.119384,894,0,3.3,6.5,9.9,15.3,18.3,21.7,22.1,18.6,10.8,3.8,0.6,-5.7,-3.2,-1.5,0.4,3.9,7.1,9.6,10,7.5,2.6,-2,-4.4,-2.9,0.1,2.5,5.1,9.6,12.7,15.6,16,13.1,6.7,0.9,-1.9,257,206,164,97,77,74,47,63,89,216,257,266,4.8,7.7,12.1,17,20.7,23.5,24.6,21.2,14.9,8.3,5.3,3.6,125,60,34,10,0,0,0,0,0,5,48,99,0,3,15,46,151,231,331,343,243,86,9,1,648,499,482,386,260,156,85,79,157,350,512,614,0,0,0,0,0,5,12,17,9,0,1,0,4,6,11,15,26,29,31,31,29,22,10,5,125,67,36,13,2,0,0,0,2,6,69,112,0,15,32,54,89,103,116,100,63,29,11,0,0,0,0,0,12,29,70,37,0,0,0,0,76,75,72,68,63,65,63,63,65,72,78,80,25.4,19.82,14.8,6.95,1.74,0.18,-4.4,-2.92,1.63,18.35,24.75,26.22
29,29,49.181313,-121.741621,783,1,4,7.7,10,14.4,17,20.4,20.9,17.3,11,4.9,2.3,-4.8,-2.4,-0.4,1.3,4.8,7.6,10.3,11.2,8.7,3.8,-0.6,-3,-1.9,0.8,3.7,5.7,9.6,12.3,15.4,16.1,13,7.4,2.2,-0.3,272,195,160,134,113,95,67,75,101,203,289,278,3.4,6.6,10.6,15.9,20,22.7,24.3,20,13.7,6.8,3.7,2.4,103,51,25,8,0,0,0,0,0,4,33,70,0,6,26,54,151,220,323,344,239,100,16,5,618,478,447,371,261,171,91,78,159,330,475,565,0,0,0,0,0,4,10,17,9,0,1,0,5,8,14,18,27,29,31,31,29,25,13,7,107,49,19,14,4,1,0,0,2,4,53,74,0,16,35,54,83,94,107,91,57,29,12,0,0,0,0,0,0,0,40,16,0,0,0,0,77,76,72,71,69,70,69,70,73,76,80,79,26.83,18.6,14.03,10.63,6.07,3.34,-1.11,-0.33,4.01,17.08,27.7,27.17
30,30,51.48591,-120.699691,1191,-3.4,1.6,6.3,10.2,16.3,19.6,22.6,22.6,17.3,10.1,1.7,-2.8,-13.5,-9.6,-5.5,-2.3,1.7,5.4,7.3,7.2,3.9,-0.3,-6.4,-11.2,-8.4,-4,0.4,3.9,9,12.5,14.9,14.9,10.6,4.9,-2.3,-7,54,31,27,41,52,61,53,54,45,40,47,63,3.1,5.8,11.2,15.7,19.2,21.5,22.2,18.5,12.7,6.7,3.3,2.3,266,138,59,16,1,0,0,0,1,10,111,231,0,0,5,33,134,225,305,305,175,55,0,0,819,612,548,423,279,166,103,104,222,407,610,771,0,0,0,0,0,4,8,10,4,0,1,0,0,1,3,8,20,28,31,30,24,14,3,1,48,25,14,10,2,0,0,1,2,3,27,55,0,0,34,57,97,114,127,107,61,29,0,0,0,0,7,16,45,53,73,53,16,0,0,0,58,56,57,58,54,56,54,54,58,65,68,65,5.35,2.96,1.37,1.29,-1.65,-2.74,-5.51,-5.4,-3.05,1.05,4.3,6.25
31,31,49.417297,-120.258497,1196,-1.9,2.1,7,11.2,16.4,20.2,24.2,24.2,19.5,11.4,2.8,-1.1,-9.6,-6,-2.9,-0.3,3.1,6.4,9.2,9.5,6,1.4,-4.2,-7.6,-5.7,-2,2.1,5.5,9.7,13.3,16.7,16.9,12.7,6.4,-0.7,-4.4,60,33,30,33,37,37,31,38,28,33,53,71,2,5.1,9.8,14.8,18.7,21.4,22.5,17.9,11.8,5.5,2.1,1.3,198,94,38,9,0,0,0,0,0,6,75,158,0,0,16,54,154,249,363,368,233,79,5,0,736,555,496,377,257,144,60,61,166,361,561,690,0,0,0,0,0,6,20,25,8,0,0,0,1,3,7,13,24,29,31,31,27,19,5,2,45,19,8,4,1,0,0,0,1,1,22,49,0,0,36,61,98,117,134,115,70,33,0,0,0,0,5,28,60,80,104,77,42,0,0,0,68,68,65,62,58,58,56,56,59,67,73,73,6.02,2.84,1.34,-0.13,-3.3,-5.35,-8.65,-7.87,-5.85,-0.33,4.63,6.98
32,32,50.680629,-126.693504,-44,6.1,8.3,11,12.4,16.6,17.9,19.9,20.5,18.3,13.4,9,6.7,1.7,3.4,4.5,4.9,7.6,9.5,11.6,12.1,10.2,7.5,4.2,3.1,3.9,5.9,7.7,8.6,12.1,13.7,15.7,16.3,14.2,10.5,6.6,4.9,199,164,125,102,63,78,53,52,86,212,241,217,-9999,-9999,-9999,-9999,-9999,-9999,-9999,-9999,-9999,-9999,-9999,-9999,26,14,8,3,0,0,0,0,0,1,8,19,31,50,87,112,224,261,334,351,278,178,70,45,440,335,320,282,193,135,82,73,127,234,342,403,0,0,2,2,4,7,12,19,14,2,1,0,20,22,27,27,30,30,31,31,30,30,25,24,12,4,1,2,1,0,0,0,1,1,9,7,10,17,36,55,86,91,96,84,55,28,12,8,0,0,0,0,22,13,43,32,0,0,0,0,85,83,78,75,71,74,74,74,74,81,84,87,18.57,14.44,9.63,6.59,0.92,2.12,-1.09,-1.5,2.79,17.4,21.97,20.24
33,33,49.494951,-123.990882,-20,6.6,8.7,11.5,14.1,18.4,20.7,23.5,23.9,20.1,14.3,9.8,7.5,1.1,2.8,4.2,5.6,9,11.8,14,14.2,11.7,7.5,3.8,2.6,3.9,5.8,7.8,9.8,13.7,16.3,18.7,19,15.9,10.9,6.8,5,128,103,84,56,43,45,25,31,45,96,147,152,-9999,-9999,-9999,-9999,-9999,-9999,-9999,-9999,-9999,-9999,-9999,-9999,26,14,7,2,0,0,0,0,0,1,7,18,34,51,93,144,274,338,426,436,327,189,76,49,441,338,317,246,147,76,27,26,88,221,337,399,0,0,2,2,9,23,49,59,25,2,1,0,18,21,26,28,31,30,31,31,30,30,24,22,8,3,1,1,0,0,0,0,0,0,5,5,12,19,39,62,94,103,113,99,61,32,15,10,0,0,0,7,50,58,88,68,16,0,0,0,81,80,76,72,70,72,71,71,74,78,80,83,11.37,8.22,5.18,1.01,-1.83,-2.42,-5.75,-5.43,-2.01,5.34,12.3,13.55
34,34,57.384493,-122.842631,1089,-8.3,-2,0.8,7.1,13.5,18.2,20.6,19.8,14.4,7.4,-3,-6.1,-17.9,-12.6,-10.2,-3.5,1.1,5.6,8,7.2,2.9,-2.2,-11.3,-14.6,-13.1,-7.3,-4.7,1.8,7.3,11.9,14.3,13.5,8.6,2.6,-7.2,-10.3,27,25,35,34,79,100,116,64,41,38,40,29,2.3,5.1,10.8,16.3,19.6,21.3,20.6,17.3,11.2,5.5,2.6,1.5,408,218,172,33,2,0,0,0,1,25,216,322,0,0,0,15,90,209,287,266,119,29,0,0,962,705,706,487,331,183,120,140,281,480,755,874,0,0,1,0,0,3,6,5,2,2,2,0,0,0,1,5,18,28,31,30,22,8,1,0,26,24,34,18,8,1,1,1,3,10,36,28,0,0,0,42,78,99,105,84,44,18,0,0,0,0,0,8,0,0,0,20,4,0,0,0,58,56,56,62,60,61,61,61,63,66,65,63,2.66,2.49,3.45,1.7,3.14,2.33,2.75,-2.1,-1.33,1.96,3.99,2.93
35,35,50.832506,-116.815132,2202,-7.7,-3.3,0.6,3.9,9.1,13.1,16.4,16.4,11.7,4.4,-3.8,-6.9,-15.5,-12.4,-9.4,-5.3,-0.9,2.9,5.8,5.7,2.3,-3.1,-10.3,-14.1,-11.6,-7.9,-4.4,-0.7,4.1,8,11.1,11.1,7,0.6,-7,-10.5,170,99,83,74,68,79,81,76,77,133,146,167,3.5,7.3,12.5,16.7,20.4,22.7,23.5,20.5,14.1,7.8,3.9,2.6,362,231,163,70,9,1,0,0,2,48,217,328,0,0,0,3,35,98,188,187,80,16,0,0,916,720,695,561,431,301,214,217,331,540,751,880,0,0,0,0,0,0,1,2,0,0,2,0,0,0,1,3,11,24,30,30,21,6,1,0,165,96,79,62,27,6,2,3,10,70,131,162,0,0,0,0,66,82,93,79,46,20,0,0,0,0,0,0,0,3,12,3,0,0,0,0,66,62,60,65,66,67,66,66,69,72,72,68,16.99,9.94,8.15,6.47,4.01,2.83,0.82,0.31,3.46,12.15,14.57,16.66
36,36,52.091421,-123.377247,915,-4.2,2.3,7.9,12.5,18.5,21.8,24.6,24.6,19.7,11.9,2.1,-3.6,-14.8,-10.1,-5,-1.8,2.5,5.7,8.1,7.6,3.8,-0.9,-7.3,-13.1,-9.5,-3.9,1.4,5.4,10.5,13.7,16.3,16.1,11.8,5.5,-2.6,-8.4,28,17,16,17,28,54,35,34,27,31,35,36,3.3,5.9,10.9,14.7,18.7,21.6,21.9,18.3,12.3,6.5,3.5,2.4,297,136,45,9,0,0,0,0,0,8,117,267,0,0,14,53,177,262,352,346,207,63,1,0,852,610,516,380,230,134,68,76,190,389,618,814,0,0,0,0,2,7,17,18,6,0,0,0,0,1,4,9,22,28,31,30,24,12,2,0,26,13,6,2,1,0,0,0,1,2,21,34,0,0,36,64,107,125,136,115,68,32,0,0,0,0,20,47,79,71,101,82,41,1,0,0,56,52,55,53,51,52,52,50,52,58,63,60,2.77,1.5,-0.09,-2.17,-5.63,-4.8,-8.59,-8.85,-6.26,-0.54,3.13,3.64
37,37,48.790126,-123.513667,109,6,8.5,11.6,14.1,18.1,20.7,23.5,24.1,20.6,14.4,9.2,6.8,0.4,2.3,3.6,4.9,7.9,10.4,12.5,12.7,10.7,7,3.3,2.1,3.2,5.4,7.6,9.5,13,15.6,18,18.4,15.6,10.7,6.3,4.4,160,113,90,53,37,36,20,27,37,95,172,177,3.3,5.8,9.2,14.5,18.7,20.6,21.3,18,12.6,6.1,3.5,2.4,31,16,8,2,0,0,0,0,0,1,9,21,26,46,89,135,252,316,402,417,320,184,66,41,461,348,324,256,167,92,37,34,93,227,353,417,0,0,1,1,6,17,36,47,23,1,0,0,16,20,25,27,30,30,31,31,30,29,23,21,12,4,1,1,0,0,0,0,0,0,7,7,12,20,42,65,96,109,120,106,67,34,15,10,0,0,0,11,60,73,100,79,30,0,0,0,81,79,73,70,68,68,67,66,69,76,80,84,14.63,9.28,5.75,0.7,-2.68,-3.76,-6.84,-6.57,-3.55,4.94,14.92,16.18
38,38,54.763273,-127.091205,564,-4.8,1.7,6.7,11,17.2,19.9,22.5,22,17.4,10,1.3,-3.4,-12.6,-7.4,-3.2,-0.2,3.6,6.2,8.5,8.3,4.6,1.2,-5,-10.1,-8.7,-2.8,1.8,5.4,10.4,13.1,15.5,15.2,11,5.6,-1.9,-6.7,48,32,25,26,39,51,41,45,40,59,55,54,2.2,4.4,9.4,13.6,17.9,19.6,19.7,16.6,10.5,4.7,2.5,1.4,271,111,42,9,0,0,0,0,0,8,99,224,0,0,12,50,175,241,327,316,186,65,1,0,827,579,506,379,232,149,88,99,207,385,596,764,0,0,1,0,2,5,11,11,4,0,2,0,0,2,6,13,25,29,31,31,26,18,4,1,43,21,8,3,1,0,0,0,1,3,29,47,0,0,29,54,95,110,119,96,55,23,0,0,0,0,4,28,56,59,78,51,15,0,0,0,66,64,65,63,58,58,58,59,60,70,74,71,4.76,2.86,1.07,-0.52,-3.17,-3.13,-5.62,-4.89,-2.98,3.21,5.05,5.41
39,39,50.201455,-123.178778,1142,-1.1,2.6,5.3,8.4,14,17.3,20.2,20.6,17.1,9.6,2.8,-0.4,-7.2,-4.6,-2.8,-0.9,2.5,6.1,8.6,9,6.9,1.6,-3.4,-6,-4.2,-1,1.3,3.7,8.2,11.7,14.4,14.8,12,5.6,-0.3,-3.2,248,202,156,97,76,71,49,63,90,208,263,254,4.1,6.8,11.2,16.2,19.9,22.6,23.9,20.2,13.6,7.2,4.3,3,157,76,47,17,1,0,0,0,0,8,67,128,0,0,6,28,112,201,290,302,214,65,3,0,689,528,521,428,304,191,117,107,183,386,549,654,0,0,0,0,0,3,6,10,6,0,1,0,2,4,7,12,22,29,31,31,28,19,7,3,153,91,61,26,5,1,0,1,2,11,99,145,0,0,30,50,85,99,110,94,58,27,0,0,0,0,0,0,9,28,61,31,0,0,0,0,74,72,70,68,63,65,64,64,68,73,76,77,24.73,19.53,14.4,7.51,2.51,0.14,-3.59,-2.3,2.32,18,25.62,25.22
40,40,50.725079,-128.343568,98,6.5,8.4,10.1,10.7,13.7,15.3,17.2,17.8,16.6,13.1,9,7.2,1.8,2.9,3.7,4.3,6.8,9,11.1,11.6,10.1,7.5,4.3,3,4.1,5.6,6.9,7.5,10.2,12.2,14.2,14.7,13.3,10.3,6.7,5.1,358,325,300,240,131,145,103,110,190,407,420,422,2.6,4.7,8.6,13.1,18.4,19.4,19.3,16.8,11.8,6,3,2,25,15,10,4,0,0,0,0,0,1,7,18,32,43,67,85,169,215,284,300,252,174,69,45,433,343,346,315,236,176,123,109,150,239,340,398,0,0,0,0,1,3,5,9,10,2,0,0,20,21,25,26,29,30,31,31,30,30,25,23,20,9,5,9,3,1,1,1,3,1,15,13,10,17,34,49,71,75,78,68,48,27,12,8,0,0,0,0,0,0,0,0,0,0,0,0,83,81,79,78,77,80,81,80,79,82,84,86,34.3,30.48,27.42,21.18,8.87,10.03,5.41,5.85,14.14,36.95,39.86,40.62
41,41,48.645323,-124.654052,212,5.3,7.3,9.8,12.2,15.9,18.2,20.6,21.3,19.3,14.1,8.4,6.1,0.5,1.5,2.5,3.5,6.6,8.8,10.6,11.2,9.6,6.5,3.2,1.7,2.9,4.4,6.2,7.9,11.2,13.5,15.6,16.3,14.5,10.3,5.8,3.9,403,369,308,205,135,112,90,101,141,379,521,550,3.6,5.7,8.8,14,18.4,19.8,20.5,17.7,12.7,6.1,3.7,2.8,34,20,12,4,0,0,0,0,0,1,10,25,21,30,57,95,197,255,330,350,285,174,57,32,472,377,369,305,214,139,85,74,121,239,365,434,0,0,0,0,1,7,12,19,15,0,0,0,16,18,22,24,29,30,31,31,29,29,23,20,35,19,8,6,2,0,0,1,2,1,25,28,11,19,38,60,87,98,107,94,64,34,14,9,0,0,0,0,0,0,17,0,0,0,0,0,83,80,75,71,70,70,69,69,69,75,82,85,39.12,35.22,28.27,16.85,8.1,4.97,1.68,2.41,7.3,33.35,50.1,53.67
42,42,54.765699,-123.378643,860,-7.8,-1.2,3.8,8.7,15.3,18.7,21.6,21.4,15.6,8.1,-1.4,-6.1,-15.4,-10.1,-6.7,-2,2.3,6.3,8.6,8.2,4.2,0,-7.6,-12.3,-11.6,-5.7,-1.5,3.3,8.8,12.5,15.1,14.8,9.9,4.1,-4.5,-9.2,91,73,63,47,55,63,48,47,56,89,96,98,2.2,4.9,10.4,15.1,18.9,20.9,20.5,17.6,10.9,5,2.6,1.6,363,178,92,19,1,0,0,0,1,14,164,287,0,0,0,28,128,226,314,302,154,43,0,0,918,658,605,440,285,159,99,107,244,433,676,840,0,0,0,0,0,4,9,10,3,0,1,0,0,1,2,8,22,29,31,31,25,15,2,0,88,65,49,15,3,0,0,0,3,11,74,93,0,0,0,48,87,103,113,93,50,21,0,0,0,0,0,1,32,40,64,46,0,0,0,0,66,63,60,63,59,61,60,60,63,72,74,73,9.06,7.31,5.59,2.52,-0.39,-1.38,-4.38,-4.51,-0.58,6.85,9.54,9.77
43,43,52.646953,-127.464964,840,-1.5,2.4,6.3,9.6,15.1,17.2,19.8,19.6,15.6,8.9,2.5,-0.4,-7.7,-4.6,-2.4,-0.4,3.3,6,8.5,9.1,6.2,2.3,-3,-5.9,-4.6,-1.1,2,4.6,9.2,11.6,14.1,14.4,10.9,5.6,-0.3,-3.2,389,363,269,274,161,159,120,135,250,553,467,428,2.2,4.5,8.9,12.5,17.6,19.6,19.7,16.6,10.8,5.3,2.6,1.4,167,78,39,12,1,0,0,0,0,8,67,127,0,0,9,36,139,199,283,291,183,65,2,0,701,531,499,403,273,193,123,116,214,386,548,652,0,0,1,0,0,3,5,8,4,0,2,1,2,4,8,13,24,28,31,31,28,22,7,3,254,168,77,50,6,2,1,2,9,29,174,241,0,0,30,52,87,97,105,85,50,22,0,0,0,0,0,0,0,0,0,0,0,0,0,0,74,73,69,66,62,64,65,67,70,78,79,77,38.82,35.76,25.48,24.8,10.38,9.15,4.1,5.94,19.24,52.94,46.08,42.55
44,44,49.067117,-120.142048,2173,-4,-1.5,1.6,3.6,8.6,12.6,16.3,16.6,12.3,5.4,-0.6,-3,-11,-9,-7.6,-5.5,-1.6,1.8,5.2,5.9,3.4,-2.1,-7.3,-9.5,-7.5,-5.3,-3,-1,3.5,7.2,10.7,11.2,7.9,1.6,-3.9,-6.2,84,58,71,76,68,62,37,46,30,55,98,106,3.6,7.5,12.4,17.2,21.1,24.2,25.2,21.1,15.3,8.4,4.1,2.6,243,168,127,75,12,1,0,0,2,34,149,210,0,0,0,0,29,81,175,193,100,22,0,0,790,648,653,569,450,325,226,211,305,509,658,748,0,0,0,0,0,0,0,2,1,0,1,0,1,1,1,2,9,20,30,30,23,9,2,1,72,51,64,66,32,7,1,2,3,21,71,89,0,0,0,0,66,83,96,82,48,23,0,0,0,0,0,0,0,21,59,37,18,0,0,0,70,69,64,65,65,65,65,66,70,73,72,72,8.39,5.85,6.71,6.75,4.26,1.46,-3.64,-2.85,-1.54,4.02,9.65,10.59
45,45,49.17958,-117.629753,1037,-2,2.6,8.2,12.9,18,21.9,26.5,26.5,20.9,11.8,3.4,-0.6,-7.7,-4.4,-1.2,1.7,5.6,9.2,12.3,12.6,8.7,2.8,-1.9,-5.5,-4.8,-0.9,3.5,7.3,11.8,15.5,19.4,19.5,14.8,7.3,0.8,-3,99,64,64,56,70,66,38,41,37,65,99,117,2.9,6.7,11.6,15.8,19.7,21.8,23,19.7,13.7,7.3,3.2,2,174,74,26,5,0,0,0,0,0,4,50,124,0,4,32,89,213,315,447,450,295,98,13,2,709,525,451,323,200,93,20,21,113,332,516,649,0,0,0,0,4,17,64,70,17,0,0,0,2,4,11,19,28,30,31,31,29,23,10,4,67,28,8,2,1,0,0,0,0,1,28,64,0,0,38,65,101,121,141,121,72,32,11,0,0,0,0,10,32,54,103,79,35,0,0,0,76,73,67,63,61,61,59,59,62,70,80,79,9.84,5.71,4.28,1.22,-0.56,-2.88,-8.98,-8.63,-5.17,2.77,9.02,11.44
46,46,56.315611,-120.996528,762,-9.4,-3.4,1.5,9.4,16.5,20.2,22.3,21.5,15.9,9.1,-2.9,-6.9,-18.7,-13.7,-9.4,-2,3.3,7.7,9.8,9,4.4,-0.2,-10.8,-15.5,-14.1,-8.5,-3.9,3.7,9.9,13.9,16.1,15.2,10.2,4.5,-6.9,-11.2,33,24,28,25,48,77,72,47,40,32,35,30,2.3,5.3,10.9,16.1,19.7,21.8,20.9,17.4,11.1,5.6,2.7,1.6,438,246,151,17,0,0,0,0,1,12,214,349,0,0,0,35,158,268,345,319,162,48,0,0,993,739,681,429,253,130,73,97,236,421,746,901,0,0,0,0,1,8,15,12,3,0,0,0,0,0,1,8,24,29,31,31,25,14,1,0,33,24,26,7,1,0,0,0,2,3,32,29,0,0,0,49,89,107,112,90,49,21,0,0,0,0,0,24,41,29,40,43,9,0,0,0,59,57,57,61,58,62,62,62,63,69,67,62,3.31,2.42,2.57,0.02,-1.96,-0.57,-2.2,-4.31,-2.35,0.83,3.53,2.99
47,47,51.177832,-121.436655,1000,-3.7,1.7,7.7,12.3,18,21.5,25,24.7,19.4,11.5,2.3,-2.8,-12.1,-8,-4,-0.9,3.3,6.9,9.1,8.6,4.9,0.2,-5.6,-9.9,-7.9,-3.2,1.8,5.7,10.7,14.2,17.1,16.6,12.1,5.8,-1.6,-6.3,33,19,15,27,36,43,41,46,36,23,26,34,3,5.6,10.8,15.4,19,21.7,22.4,18.6,12.7,6.5,3.1,2.2,254,118,41,8,0,0,0,0,0,7,94,212,0,0,16,58,182,276,375,361,217,69,3,0,804,588,504,370,227,123,52,66,181,378,589,750,0,0,0,0,2,9,24,22,7,0,0,0,1,1,5,11,24,29,31,31,26,15,3,1,29,13,5,3,1,0,0,0,1,1,13,29,0,0,36,64,104,122,138,115,68,31,0,0,0,0,22,37,68,79,97,70,32,8,0,0,65,61,59,57,55,56,53,53,56,63,69,70,3.25,1.57,-0.29,-1.2,-4.39,-5.47,-8.22,-7.53,-5.02,-1.17,2.09,3.39
48,48,49.34741,-119.574326,564,-0.2,4.4,11.1,15.8,21.1,25.1,28.9,28.7,23.1,14.7,5.9,1.1,-5.9,-2.3,1.1,3.5,7.5,11.2,13.9,14,9.8,4.2,-0.3,-4,-3,1,6.1,9.7,14.3,18.2,21.4,21.3,16.5,9.4,2.8,-1.4,32,21,21,31,38,33,19,30,19,23,28,40,2,5.3,10.1,15,18.7,20.7,22.5,18.4,12.4,6.1,2.1,1.2,129,48,12,2,0,0,0,0,0,2,27,89,1,12,69,146,290,394,508,506,345,151,26,5,653,471,371,251,131,42,8,9,75,266,456,599,0,0,0,2,13,48,113,112,31,0,0,0,4,8,18,24,30,30,31,31,30,26,14,6,16,5,1,0,0,0,0,0,0,0,4,15,0,17,43,75,115,136,153,129,78,38,13,0,0,0,22,44,77,103,134,99,59,15,0,0,76,75,67,61,59,59,57,58,60,66,78,80,2.95,1.11,-1.09,-3.09,-5.06,-7.93,-12.27,-10.88,-7.94,-3.05,1.44,3.58
49,49,49.042695,-118.219072,718,-1.1,3.9,10.3,15.8,21,25,29.6,29.5,23.8,14.1,4.7,0.3,-7.4,-3.7,-0.3,2.4,6.3,10,12.7,12.6,8.7,3.1,-1.3,-5,-4.2,0.1,5,9.1,13.6,17.5,21.2,21.1,16.3,8.6,1.7,-2.4,57,38,39,37,54,50,33,35,27,39,59,73,2.3,6.1,10.8,15.3,19.1,21.2,22.6,18.9,12.9,6.8,2.6,1.5,158,60,17,2,0,0,0,0,0,2,38,109,0,8,52,132,271,374,500,498,339,128,19,3,689,498,405,268,149,53,9,10,80,293,489,628,0,0,0,1,11,38,107,106,29,0,0,0,2,5,14,22,29,30,31,31,29,24,11,4,35,12,2,1,0,0,0,0,0,0,13,35,0,17,43,77,117,139,162,139,83,38,12,0,0,0,4,40,63,89,129,104,57,0,0,0,74,71,64,58,56,56,52,52,55,65,78,78,5.59,2.98,0.98,-2.45,-3.76,-6.66,-12.36,-12.16,-8.29,-1.04,4.83,7.04
50,50,50.987049,-119.016327,610,-2.5,2.2,8.2,14,20.2,23.6,27.3,26.9,20.7,11.6,3.4,-0.9,-8.2,-4.6,-1.1,2.3,6.5,10.3,12.6,12.4,8.5,3.6,-1.4,-5.4,-5.3,-1.2,3.5,8.2,13.4,16.9,19.9,19.6,14.6,7.6,1,-3.1,86,47,37,45,50,53,47,45,49,56,68,98,2.4,5.3,10.6,15.1,18.6,20.3,21.2,17.9,12.1,6.2,2.6,1.7,187,80,26,3,0,0,0,0,0,4,47,127,0,3,32,108,263,358,462,454,288,105,14,2,723,534,451,296,157,62,16,20,118,323,510,652,0,0,0,1,9,31,76,72,16,0,0,0,2,4,12,21,29,30,31,31,29,25,11,4,62,22,5,1,0,0,0,0,1,1,18,55,0,0,35,67,110,126,144,120,67,29,9,0,0,0,0,22,60,73,96,75,18,0,0,0,76,73,68,62,58,60,57,58,63,73,82,81,8.65,4.15,1.73,-0.37,-3.46,-4.8,-8.26,-8.11,-3.37,2.16,5.97,9.65
51,51,49.733554,-116.949522,982,-2,2.3,7.3,12.2,17.4,21.1,25,25.4,19.7,10.7,3,-0.6,-7.1,-3.8,-1.2,1.6,5.7,9.3,12.3,12.5,8.5,3.1,-1.6,-5.2,-4.5,-0.8,3,6.9,11.5,15.2,18.7,18.9,14.1,6.9,0.7,-2.9,130,75,80,70,59,63,43,49,48,92,139,144,2.9,6.6,11.1,15.3,18.8,20.7,22.1,19.4,13,6.8,3.2,2,166,73,29,5,0,0,0,0,0,5,51,121,0,4,26,80,206,306,424,432,274,89,11,2,699,522,466,335,206,99,27,27,131,345,519,645,0,0,0,0,4,15,48,57,13,0,0,0,3,5,11,19,28,30,31,31,29,24,10,4,85,32,14,4,1,0,0,0,1,2,40,77,0,0,34,62,97,115,131,113,66,29,10,0,0,0,0,0,38,52,88,64,18,0,0,0,79,76,70,65,63,64,62,62,65,74,83,81,12.99,6.84,6.15,3.1,-1.19,-2.5,-7,-6.61,-3.13,6.05,13.13,14.15
52,52,48.861282,-123.365935,45,6.5,9.1,12.2,14.5,18.4,20.9,23.6,24.2,20.7,14.8,9.8,7.5,1.1,3,4.4,5.6,8.5,10.8,12.6,13,10.9,7.5,3.9,2.8,3.8,6.1,8.3,10,13.5,15.9,18.1,18.6,15.8,11.1,6.8,5.2,131,94,77,51,36,37,21,28,37,86,143,145,3.1,5.9,9.6,14.8,19.1,20.9,21.8,18.5,13.2,6.6,3.4,2.2,27,13,6,2,0,0,0,0,0,1,7,18,33,55,103,149,266,326,407,422,325,196,77,51,443,330,304,238,154,84,35,32,89,214,335,396,0,0,2,2,8,20,38,50,25,2,1,0,18,21,27,28,30,30,31,31,30,30,24,23,8,2,1,0,0,0,0,0,0,0,5,4,12,20,42,65,96,109,120,106,67,34,16,10,0,0,0,15,60,72,99,77,30,0,0,0,81,79,74,71,69,69,67,66,70,76,80,84,11.63,7.23,4.11,0.22,-2.75,-3.67,-6.74,-6.4,-3.56,4.05,11.85,12.85
53,53,49.169229,-119.101861,1197,-2.1,2.5,7.2,11.8,16.9,20.8,25.2,25.4,20.4,11.9,2.4,-1.6,-10.8,-7.2,-3.5,-0.7,3.3,6.8,9,9.2,5.5,0.2,-5,-9.1,-6.4,-2.4,1.8,5.5,10.1,13.8,17.1,17.3,12.9,6,-1.3,-5.4,52,39,32,36,51,47,27,37,26,30,51,59,3.2,6.7,11.5,16.2,20,22.3,23.9,20.1,14.2,7.6,3.5,2.1,217,102,41,9,0,0,0,0,0,7,87,185,0,0,16,56,165,263,376,382,238,73,4,0,758,566,504,375,239,133,52,53,161,372,578,721,0,0,0,0,1,8,24,30,9,0,0,0,1,2,6,12,24,29,31,31,27,15,4,1,41,24,10,4,1,0,0,0,0,1,24,46,0,0,37,64,100,120,142,122,74,35,0,0,0,0,5,28,49,73,115,85,49,6,0,0,64,62,62,59,57,57,53,53,55,61,71,69,5.16,3.43,1.49,-0.1,-2.32,-4.71,-10.06,-9.24,-6.86,-0.87,4.53,5.9
54,54,50.008777,-124.811982,40,5.8,8.2,11.4,14.2,19,21.5,24.2,24.4,20.3,14,8.8,6.6,0.3,2.2,3.6,4.9,8.3,11,13,13.1,10.4,6.7,3.2,1.8,3,5.2,7.5,9.6,13.6,16.3,18.6,18.8,15.3,10.3,6,4.2,163,129,113,68,51,55,36,41,58,140,198,198,-9999,-9999,-9999,-9999,-9999,-9999,-9999,-9999,-9999,-9999,-9999,-9999,33,17,8,2,0,0,0,0,0,1,9,23,25,43,86,136,271,338,423,427,311,175,62,38,467,355,328,255,149,76,28,30,100,238,360,426,0,0,2,2,9,24,48,54,21,1,2,0,16,19,25,27,30,30,31,31,30,29,23,20,13,5,1,1,0,0,0,0,0,0,9,9,11,19,40,64,99,111,122,105,64,32,14,9,0,0,0,0,48,56,87,63,6,0,0,0,81,79,74,69,66,68,66,66,69,76,81,83,15,10.97,8.11,2.06,-1.69,-2.26,-5.69,-5.23,-1.27,9.69,17.66,18.33
55,55,49.3701,-121.371434,656,0.8,4.7,9.2,11.9,16.3,19.2,23,23.4,19.3,12,5.2,1.8,-4.6,-1.7,0.4,2.2,5.6,8.6,11.3,11.7,8.8,4.1,-0.5,-2.9,-1.9,1.5,4.8,7.1,10.9,13.9,17.2,17.5,14.1,8.1,2.4,-0.5,262,158,122,109,81,70,53,55,82,172,255,258,2.6,5.8,10.3,15.2,19,21.5,22.9,18.8,13.1,6.5,3,2,103,43,18,5,0,0,0,0,0,3,31,73,1,11,42,81,190,267,378,389,273,115,19,5,619,458,411,329,221,130,50,48,131,309,468,572,0,0,0,0,1,8,25,33,13,0,1,0,5,9,16,21,28,30,31,31,29,26,13,8,103,30,8,5,1,0,0,0,1,2,43,73,0,17,39,60,92,105,121,104,65,31,12,0,0,0,0,0,11,35,68,49,0,0,0,0,78,76,70,68,66,67,65,65,67,74,80,81,25.84,14.67,9.77,7.22,1.9,-0.27,-4.11,-4.12,0.9,13.51,24.23,25.24
56,56,48.77529,-123.929719,492,3.3,5.4,8.7,11.5,16.2,19.4,22.8,23.6,19.6,12.7,6.6,4,-1.6,-0.2,1.3,2.7,5.8,8.5,10.8,11.4,9.4,5.4,1.4,-0.1,0.9,2.6,5,7.1,11,13.9,16.8,17.5,14.5,9,4,2,307,248,232,110,59,53,30,36,58,185,311,396,4.1,6.9,10.1,15.3,19.7,21.6,22.4,19.6,14.5,7.5,4.5,3.1,55,32,17,5,0,0,0,0,0,2,18,40,9,16,41,80,192,267,367,388,286,139,33,16,532,426,406,327,219,130,57,49,120,280,420,494,0,0,0,0,1,8,21,33,15,0,0,0,11,13,19,22,29,30,31,31,29,28,18,15,54,29,13,5,1,0,0,0,1,1,30,45,10,17,36,58,91,107,122,107,66,32,13,8,0,0,0,0,32,54,92,71,7,0,0,0,82,80,75,71,67,66,63,63,68,76,82,86,29.91,23.59,21.02,7.56,-0.12,-2.02,-6.26,-6.05,-1.43,14.61,29.53,38.62
57,57,54.477725,-122.683056,752,-6.3,0.2,5.5,10,16.8,20,22.8,22.6,16.6,9.2,-0.3,-5.1,-14.5,-8.8,-5.4,-1.2,3.4,6.9,9.1,8.8,4.6,0.5,-6.5,-11.9,-10.4,-4.3,0,4.4,10.1,13.5,15.9,15.7,10.6,4.9,-3.4,-8.5,96,76,61,54,55,73,56,54,66,103,104,101,2.2,4.9,10.4,14.9,18.7,20.8,20.1,17.3,10.8,5.1,2.7,1.7,324,144,65,13,0,0,0,0,1,10,137,270,0,0,5,40,166,253,340,332,173,54,0,0,879,620,558,408,239,140,78,87,223,408,642,817,0,0,0,0,1,7,14,14,4,0,1,0,0,1,3,11,25,29,31,31,26,16,3,0,91,61,35,11,1,0,0,0,3,8,71,94,0,0,28,52,93,110,119,98,53,23,0,0,0,0,0,0,39,37,63,44,0,0,0,0,64,63,60,62,58,59,59,58,62,70,74,70,9.6,7.49,5.04,2.66,-1.55,-1.11,-4.35,-4.45,-0.08,7.8,10.26,10.06
58,58,49.047991,-121.9661,889,1.7,4.9,8,10.8,14.7,17.4,20.9,21.5,17.1,11.1,5.6,2.8,-4.8,-2.3,-1.1,0.5,3.7,6.8,9.7,10.7,8.2,3.6,-0.6,-2.8,-1.6,1.3,3.5,5.7,9.2,12.1,15.3,16.1,12.7,7.4,2.5,0,287,197,181,145,121,91,63,67,105,216,278,294,2.7,5.1,8.9,14.4,18.8,21.5,22.7,18,11.4,4.9,2.7,2.1,96,45,26,8,1,0,0,0,0,4,30,64,0,8,24,54,139,215,322,344,231,99,18,6,608,465,452,371,273,177,92,78,168,331,466,554,0,0,0,0,0,3,10,17,8,0,0,0,5,8,12,16,25,29,31,31,29,25,13,8,104,41,24,15,5,1,0,0,2,4,46,69,0,18,37,59,87,99,112,96,57,30,13,9,0,0,0,0,0,8,50,29,0,0,0,0,74,73,68,66,65,66,65,67,71,75,78,79,28.2,18.56,16.05,11.31,6.58,2.38,-2.18,-1.8,4.28,18.24,26.45,28.71
59,59,49.393968,-123.208585,595,3.3,6.3,8.4,10.9,15.2,17.6,21.1,21.7,18.4,11.9,6.5,4.2,-1.7,0.4,1.8,3.2,6.6,9,11.7,12.3,10.1,5.7,1.4,-0.1,0.8,3.4,5.1,7,10.9,13.3,16.4,17,14.2,8.8,4,2,288,240,218,151,118,101,68,75,110,261,356,336,3.9,6.1,10,15.4,19.5,21.5,22.6,19.1,13.1,6.6,4,3,56,27,16,5,0,0,0,0,0,2,18,40,9,22,43,78,188,248,353,372,278,135,32,17,535,405,401,329,222,144,67,58,127,285,421,492,0,0,0,0,1,6,17,26,14,0,1,0,11,15,20,23,29,30,31,31,30,28,18,15,51,20,11,7,2,0,0,0,1,2,35,37,10,17,34,54,82,92,106,92,57,28,13,8,0,0,0,0,0,0,38,16,0,0,0,0,81,80,77,74,72,73,71,71,74,79,82,85,27.96,22.48,19.63,11.96,6.55,4.06,-0.9,-0.37,4.8,22.59,34.09,32.59
60,60,50.113251,-124.688182,319,4.9,7.4,10.4,13.4,18.3,20.9,24,24,20,13.4,7.9,5.5,-0.5,1.4,2.7,4.1,7.5,10.2,12.4,12.7,10.2,6.3,2.4,0.9,2.2,4.4,6.5,8.8,12.9,15.6,18.2,18.4,15.1,9.9,5.1,3.2,186,153,140,91,72,74,47,53,74,163,231,220,2.9,5.3,9,13.7,18.6,20.3,21,17.9,12.1,5.6,3,2.1,41,21,11,3,0,0,0,0,0,1,12,30,18,33,67,117,248,317,409,415,303,162,48,27,494,377,357,278,170,92,34,35,106,253,386,456,0,0,1,1,6,17,40,46,19,0,1,0,14,17,23,25,30,30,31,31,30,29,21,18,21,8,3,2,0,0,0,0,1,1,15,15,10,18,38,62,97,110,123,104,63,31,13,8,0,0,0,0,25,36,76,51,0,0,0,0,81,79,74,69,66,67,65,66,69,76,81,84,17.52,13.57,11.19,4.74,0.49,-0.4,-4.85,-4.21,0.29,12.09,21.23,20.74
61,61,54.227639,-130.162582,249,1.9,5.3,8.6,11.2,14.5,15.8,17.5,18.5,16.7,11,5.5,3.5,-3.4,-0.1,1,2,5.5,8.3,10.7,11.2,8.8,5,0.6,-1.1,-0.8,2.6,4.8,6.6,10,12.1,14.1,14.8,12.8,8,3,1.2,332,368,308,338,184,181,134,209,298,571,416,433,2.3,4.3,8.7,13.6,18.4,19.4,18.2,15.4,10.5,5.2,2.7,1.6,81,33,18,6,0,0,0,0,0,3,25,49,2,14,34,66,162,212,283,302,234,115,20,11,583,428,412,342,241,179,124,106,165,310,449,518,0,1,2,2,2,3,5,10,8,3,3,1,7,13,18,21,28,30,31,31,29,27,16,12,97,45,19,20,5,1,1,2,6,7,57,66,0,12,30,52,76,79,80,70,47,22,8,5,0,0,0,0,0,0,0,0,0,0,0,0,79,81,74,69,71,76,78,77,75,80,83,83,32.72,35.67,28.65,30.58,13.46,13.16,8.06,15.17,24.46,54.1,40.4,42.47
62,62,49.00595,-123.573717,-4,6.6,9,12.1,14.5,18.6,21,23.9,24.4,20.8,14.8,9.9,7.5,1,2.8,4.3,5.6,8.8,11.3,13.3,13.5,11.3,7.6,3.9,2.8,3.8,5.9,8.2,10,13.7,16.2,18.6,19,16.1,11.2,6.9,5.1,143,109,92,56,40,40,23,31,39,100,160,164,3.4,6,9.6,14.9,19.2,21.1,22,18.8,13.2,6.4,3.6,2.4,27,14,7,2,0,0,0,0,0,1,7,18,33,54,103,149,272,334,421,434,332,197,79,51,443,334,305,238,148,78,28,27,84,213,333,396,0,0,2,2,9,22,47,58,27,2,1,0,18,21,26,28,30,30,31,31,30,30,24,23,9,3,1,0,0,0,0,0,0,0,5,5,12,20,42,65,96,108,120,105,66,34,16,10,0,0,0,9,56,68,97,75,27,0,0,0,81,79,74,71,69,70,68,67,71,77,80,84,12.82,8.66,5.73,0.78,-2.35,-3.31,-6.55,-6.14,-3.21,5.46,13.56,14.72
63,63,48.424051,-123.2328,-23,7.6,9.7,12.6,14.4,18,20.4,22.9,23.3,20.6,15.1,10.6,8.4,2.4,4,5.1,6.1,8.7,10.8,12.3,12.6,11,7.6,5,3.8,5,6.9,8.8,10.3,13.4,15.6,17.6,18,15.8,11.3,7.8,6.1,104,75,52,41,28,27,17,20,24,59,108,112,-9999,-9999,-9999,-9999,-9999,-9999,-9999,-9999,-9999,-9999,-9999,-9999,20,11,5,2,0,0,0,0,0,1,5,14,47,68,116,155,264,318,392,403,325,201,96,66,406,307,286,233,156,91,42,41,90,209,307,365,0,0,2,2,7,18,31,40,24,2,0,0,22,24,28,28,30,30,31,31,30,30,26,25,4,1,0,0,0,0,0,0,0,0,2,2,13,21,43,64,93,106,117,102,67,36,16,11,0,0,0,23,66,79,101,83,42,0,0,0,82,81,75,73,71,70,68,68,70,76,81,84,8.7,5.04,1.57,-0.54,-3.24,-4.27,-6.7,-6.62,-4.63,1.24,8.12,9.23
64,64,51.004842,-121.78169,1305,-4.8,0.2,5.3,9.3,15,18.4,21.8,21.8,17,9.5,0.7,-3.9,-12.1,-8.6,-5,-2.1,2.1,5.8,8.2,8.3,4.7,-0.7,-6.7,-10.5,-8.5,-4.2,0.2,3.6,8.6,12.1,15,15,10.8,4.4,-3,-7.2,52,28,24,29,40,42,38,38,40,36,50,56,2.4,5.7,10.7,15.5,19.4,22.5,23.1,18.9,12.8,6.6,2.7,1.9,266,142,63,18,1,0,0,0,0,12,126,237,0,0,4,30,121,213,306,311,181,48,0,0,820,617,555,433,293,179,101,102,216,423,630,778,0,0,0,0,0,3,8,11,4,0,0,0,1,1,4,8,21,28,31,31,26,13,2,1,47,22,14,8,2,0,0,0,2,4,32,50,0,0,31,54,90,106,120,101,60,28,0,0,0,0,7,25,51,64,82,63,21,0,0,0,68,64,62,61,59,61,59,59,61,65,70,72,5.23,2.68,1.31,0.37,-1.99,-3.75,-6.18,-6.14,-3.33,0.89,4.73,5.62
65,65,49.415095,-116.811212,857,-1.4,2.6,8,13,18,21.8,25.9,26.1,20.3,11.6,3.7,0,-6.5,-3.4,-0.6,2.4,6.2,9.7,12.6,12.7,8.5,3.2,-1,-4.8,-4,-0.4,3.7,7.7,12.1,15.7,19.2,19.4,14.4,7.4,1.3,-2.4,113,63,69,64,66,68,41,44,43,73,121,119,2.9,6.6,11.2,15.1,18.7,20.6,22.1,19.3,13,6.9,3,2,152,66,24,4,0,0,0,0,0,4,42,110,0,5,33,97,224,322,441,446,283,100,15,3,682,510,446,310,192,88,21,23,122,329,500,629,0,0,0,0,5,19,60,67,15,0,0,0,3,6,13,21,29,30,31,31,29,24,12,4,67,23,8,2,1,0,0,0,0,1,29,57,0,0,36,64,100,118,136,118,69,31,11,0,0,0,0,0,34,50,95,74,26,0,0,0,79,77,70,65,63,63,61,60,64,72,83,80,11.18,5.59,4.86,2.03,-0.67,-2.29,-7.78,-7.68,-3.92,3.75,11.15,11.6
66,66,54.826022,-127.021764,880,-5.3,0.8,5.2,9.1,15.4,18.2,20.8,20.4,15.8,8.4,0.3,-3.8,-12.8,-7.9,-4.4,-1.4,2.3,5.3,7.5,7.6,4,0.1,-6.1,-10.4,-9.1,-3.5,0.4,3.9,8.8,11.7,14.2,14,9.9,4.3,-2.9,-7.1,62,41,32,28,42,59,46,47,44,74,64,67,2.4,4.7,9.6,13.8,18.3,20,20.1,16.9,10.8,4.9,2.7,1.5,284,127,59,16,1,0,0,0,1,13,124,234,0,0,3,30,129,203,284,280,154,46,0,0,839,599,548,424,284,189,123,124,244,427,627,775,0,0,1,0,0,3,5,7,3,0,2,0,0,1,4,10,22,28,31,30,25,15,3,1,57,31,17,7,2,1,0,1,2,8,40,60,0,0,27,49,88,102,111,90,51,21,0,0,0,0,0,21,46,43,65,43,7,0,0,0,68,65,65,64,58,60,59,61,62,72,74,71,6.24,3.9,2.06,0.44,-1.84,-1.62,-4.35,-3.91,-1.89,5.17,6.11,6.75
67,67,49.134035,-123.69647,-41,6.8,8.9,11.7,14.1,18.3,20.6,23.5,24.1,20.3,14.3,9.9,7.7,1.3,3.1,4.5,5.8,9.2,11.9,14,14.3,11.9,7.7,4.1,2.9,4,6,8.1,10,13.7,16.2,18.8,19.2,16.1,11,7,5.3,143,112,95,58,41,41,23,30,41,98,162,167,3.4,6,9.7,15,19.1,21,21.9,18.8,13.3,6.5,3.6,2.6,25,13,7,2,0,0,0,0,0,1,7,17,36,55,100,147,274,336,428,440,334,193,81,53,436,332,308,243,146,77,26,25,83,216,330,391,0,0,2,2,9,23,51,62,27,2,1,0,19,22,27,28,31,30,31,31,30,30,25,23,8,3,1,0,0,0,0,0,0,0,5,5,12,20,40,62,92,102,114,100,62,32,15,10,0,0,0,4,51,61,91,70,21,0,0,0,81,80,76,73,71,73,71,71,74,78,80,84,12.83,9.07,6.18,1.31,-1.89,-2.63,-5.92,-5.59,-2.45,5.58,13.66,15.02
68,68,50.585607,-116.036147,1376,-5.2,0.1,5.5,10.4,15.9,20.1,23.7,23.6,17.8,9.1,0,-4.4,-14,-10.3,-5.7,-1.7,2.5,6.3,8.8,8.4,4.3,-0.7,-7.5,-12.2,-9.6,-5.1,-0.1,4.3,9.2,13.2,16.3,16,11,4.2,-3.7,-8.3,48,25,23,38,52,63,55,43,46,35,43,54,3.4,7.2,12.2,16.3,19.8,21.8,23.1,20.4,13.8,7.4,3.7,2.7,299,164,67,14,1,0,0,0,0,13,144,265,0,0,7,41,139,245,350,341,187,45,0,0,854,642,564,410,274,146,69,80,206,429,651,811,0,0,0,0,0,6,16,17,4,0,0,0,0,1,3,9,22,29,31,31,25,13,2,0,45,22,14,8,2,0,0,0,2,4,30,50,0,0,0,58,95,115,131,111,64,28,0,0,0,0,0,20,43,52,77,68,19,0,0,0,62,58,59,59,57,58,56,55,58,67,69,67,4.81,2.53,1.22,0.8,-1.57,-2.84,-6.19,-7.31,-3.43,0.91,4.14,5.37
69,69,51.466719,-119.965322,1859,-5.8,-2.8,0.8,5.2,11.1,14.3,17.3,17.5,12.9,5.8,-1.5,-4.9,-12.7,-9.6,-7.1,-4.1,0.5,3.5,6,7,3.6,-1.6,-7.6,-10.9,-9.2,-6.2,-3.1,0.6,5.8,8.9,11.7,12.2,8.2,2.1,-4.6,-7.9,117,74,61,73,63,82,66,85,61,98,97,144,3.5,6.3,11.9,16.5,20.3,22.5,23.1,19.5,13.5,7.2,3.8,2.6,289,191,131,48,4,1,0,0,1,29,165,256,0,0,0,7,59,121,206,225,109,25,0,0,844,674,657,523,379,274,197,180,293,494,676,801,0,0,0,0,0,0,1,3,2,0,2,1,0,1,2,4,16,25,30,30,24,10,2,1,108,68,56,52,14,4,1,2,5,31,75,132,0,0,0,42,73,87,98,81,47,21,0,0,0,0,0,0,10,5,32,0,0,0,0,0,70,71,68,66,65,65,64,67,70,74,74,74,11.7,7.38,5.79,6.1,2.63,2.43,-1.05,1.02,1.35,8.32,9.66,14.36
70,70,49.119421,-120.856781,1568,-2.6,1.2,5.1,8,12.5,16.3,20.5,20.8,16.6,9,1.3,-2.2,-9.9,-7.3,-5.1,-3,0.7,4.1,7.1,7.4,4.4,-0.5,-5.6,-8.5,-6.3,-3.1,0,2.5,6.6,10.2,13.8,14.1,10.5,4.3,-2.2,-5.4,162,96,86,76,52,43,33,39,44,93,157,166,4.2,7.7,12.2,17,20.7,23.7,25.1,21.3,15.3,8.4,4.8,3.1,212,116,65,26,2,0,0,0,1,13,106,186,0,0,1,18,74,157,274,283,171,46,0,0,753,586,560,466,354,235,131,122,226,428,604,721,0,0,0,0,0,1,4,7,4,0,0,0,1,2,3,6,16,26,31,30,25,13,3,1,128,67,50,33,8,1,0,0,2,10,88,129,0,0,33,52,82,100,117,101,62,29,0,0,0,0,0,0,29,57,84,62,18,0,0,0,69,66,62,62,61,61,59,59,62,68,72,74,16.21,9.32,7.49,5.52,0.87,-2.88,-6.16,-5.78,-2.85,6.78,15.3,16.61
71,71,50.040474,-125.320555,101,4.4,7.1,10.6,13.6,18.6,21.2,23.9,24.3,19.9,13.4,7.9,5.2,-0.7,1.2,2.5,4,7.5,10,12.1,12.3,9.5,5.9,2.4,0.9,1.9,4.2,6.5,8.8,13,15.6,18,18.3,14.7,9.6,5.1,3,194,163,135,81,58,67,43,45,67,175,231,238,3.2,5.4,9,13.6,18.6,20,20.8,17.9,12.7,6.1,3.4,2.4,44,22,11,3,0,0,0,0,0,2,13,31,15,30,67,117,253,317,404,412,292,156,47,25,503,383,357,278,166,91,36,36,115,260,387,461,0,0,1,0,7,17,37,45,17,0,1,0,13,17,22,25,30,30,31,31,29,28,21,18,25,9,3,1,0,0,0,0,1,1,15,17,10,18,39,63,99,113,124,107,64,31,13,8,0,0,0,0,41,46,80,62,0,0,0,0,82,80,73,69,65,65,64,64,68,75,81,85,18.45,14.67,10.64,3.78,-0.95,-1.21,-5.06,-5.12,-0.44,13.33,21.24,22.66
72,72,50.466346,-115.07367,2254,-6.8,-3.7,0.5,4.9,10,14.8,18.6,18.4,13.9,7.9,-3.7,-7.4,-16.6,-12.6,-8.6,-4.8,-0.3,4.5,6.9,6.8,2.9,-2.8,-9.6,-14.5,-11.7,-8.1,-4,0,4.8,9.6,12.8,12.6,8.4,2.6,-6.6,-10.9,126,78,65,113,154,139,94,80,85,92,119,151,4.1,7.9,13.2,17.7,21,23,24.2,21.4,14.6,8.4,4.3,3.3,366,237,154,56,6,0,0,0,1,25,210,341,0,0,0,8,44,141,243,237,113,29,0,0,920,728,685,539,409,252,162,169,288,480,739,894,0,0,0,0,0,1,3,3,2,0,1,0,0,0,1,3,13,27,31,30,22,7,1,0,122,75,61,87,48,4,1,2,7,24,106,147,0,0,0,42,70,88,104,88,53,27,0,0,0,0,0,0,0,0,10,8,0,0,0,0,58,62,63,64,65,67,63,64,64,62,75,69,12.58,7.81,6.29,10.09,12.14,7.48,0.71,-0.58,2.71,7.02,11.93,15.07
73,73,50.176447,-119.440426,480,-0.3,4,10.5,15.7,21.4,25.3,29,28.7,22.7,13.8,5.7,0.9,-6.4,-2.8,0.7,3.6,7.7,11.4,13.8,13.6,9.4,4,-0.4,-4.2,-3.4,0.6,5.6,9.6,14.6,18.4,21.4,21.1,16,8.9,2.7,-1.7,44,26,21,31,33,31,28,34,30,30,37,52,2.1,5.1,10.2,14.9,18.8,21,22.1,18,12.2,6,2.3,1.3,136,53,14,2,0,0,0,0,0,2,28,94,1,10,60,144,299,400,508,500,332,136,25,5,663,483,386,253,123,39,8,10,84,284,460,606,0,0,0,2,15,52,112,107,26,0,0,0,3,7,17,24,30,30,31,31,29,25,13,5,23,7,1,0,0,0,0,0,0,0,6,20,0,16,41,73,115,136,153,128,75,34,12,0,0,0,20,42,83,104,125,94,45,5,0,0,75,75,67,61,58,59,57,57,60,68,78,79,4.17,1.69,-0.81,-2.86,-5.71,-8.1,-11.45,-10.49,-6.53,-1.68,2.36,4.78
74,74,49.512811,-121.416237,807,-0.2,3.8,8.3,11.2,15.6,19,22.8,23.2,18.9,11.3,4.1,1,-5.2,-2.4,-0.4,1.7,5.1,8.2,11,11.4,8.4,3.7,-1.1,-3.6,-2.7,0.7,4,6.5,10.4,13.6,16.9,17.3,13.6,7.5,1.5,-1.3,294,188,135,124,87,69,58,57,88,196,278,283,2.9,5.8,10.3,15.3,19.2,22,23.2,18.8,12.8,6.5,3.2,2,121,52,23,6,0,0,0,0,0,4,40,87,0,7,32,69,173,257,370,382,260,102,13,3,643,480,437,347,233,138,55,52,142,326,495,596,0,0,0,0,0,7,22,30,11,0,1,0,4,8,14,20,28,30,31,31,29,25,12,6,139,48,14,8,2,0,0,0,1,3,63,102,0,16,37,58,89,104,120,103,63,30,11,0,0,0,0,0,2,36,62,47,0,0,0,0,79,77,70,68,66,66,64,64,67,75,81,81,29.17,17.91,11.4,8.99,2.7,-0.5,-3.68,-3.98,1.5,16.22,26.79,27.89
75,75,50.602406,-119.072248,686,-2.1,2.5,8.8,14,19.7,23.3,26.9,26.9,21,11.9,3.8,-0.8,-8.6,-5,-1.4,1.8,6,9.7,11.7,11.8,7.9,2.8,-2.1,-6.2,-5.3,-1.2,3.7,7.9,12.9,16.5,19.3,19.4,14.5,7.3,0.8,-3.5,69,38,32,42,45,48,43,40,49,47,56,78,2.4,5.3,10.3,14.9,18.5,20.2,21.5,17.9,12.2,6.1,2.6,1.6,188,80,24,4,0,0,0,0,0,4,49,136,0,3,33,102,247,344,444,446,285,99,13,1,724,534,446,304,171,72,21,23,121,331,515,664,0,0,0,0,7,25,62,66,15,0,0,0,2,4,11,20,29,30,31,31,29,23,9,3,49,18,4,1,0,0,0,0,1,1,15,47,0,0,38,68,109,127,144,122,71,31,11,0,0,0,6,26,64,79,101,82,22,0,0,0,73,71,65,61,58,59,56,56,60,70,78,77,6.87,3.23,0.94,-0.65,-3.83,-5.39,-8.65,-8.98,-3.91,1.07,4.68,7.67
76,76,49.24768,-124.351734,256,3.9,6.6,9.8,12.4,16.9,19.8,22.8,23.2,19.4,12.9,7.2,4.8,-0.8,0.8,2.1,3.4,6.9,9.8,12,12.3,9.9,5.7,1.9,0.7,1.6,3.7,5.9,7.9,11.9,14.8,17.4,17.7,14.7,9.3,4.6,2.8,195,165,136,72,44,45,26,34,49,146,221,232,3,5.5,9.2,14.4,19.3,20.8,21.6,18.3,12.9,6.2,3.3,2.1,47,25,13,4,0,0,0,0,0,2,15,33,13,25,56,96,215,293,385,395,291,147,40,23,512,397,376,304,198,110,46,45,116,270,403,470,0,0,0,0,3,12,28,36,16,0,0,0,13,16,21,24,30,30,31,31,30,28,20,17,27,12,4,2,0,0,0,0,1,1,17,19,10,18,38,60,91,105,117,101,63,31,13,8,0,0,0,0,47,59,91,67,13,0,0,0,83,80,74,70,68,69,67,67,70,76,82,86,18.58,15.05,10.98,3.48,-1.5,-2.52,-6.02,-5.42,-1.82,10.69,20.43,22.17
77,77,54.077605,-123.197962,793,-6.1,0.8,5.7,10.5,17.1,20.1,22.9,22.7,16.8,9.7,0.1,-4.5,-14.5,-8.6,-4.9,-1,4,7.2,9.5,9.1,4.9,0.6,-6.4,-11.6,-10.3,-3.9,0.4,4.8,10.5,13.6,16.2,15.9,10.9,5.1,-3.2,-8,70,50,40,36,48,64,49,45,55,72,76,73,2.6,5.1,10.5,15.2,18.9,21.4,20.7,17.9,11.6,5.6,3,1.9,322,135,59,12,0,0,0,0,0,9,130,259,0,0,7,45,178,259,349,340,182,58,0,0,876,610,548,397,230,136,70,81,214,400,634,803,0,0,0,0,2,7,16,16,4,0,0,0,0,1,4,11,26,29,31,31,26,16,3,0,66,39,21,6,1,0,0,0,2,5,49,67,0,0,29,54,94,109,120,99,54,24,0,0,0,0,0,18,46,46,71,54,0,0,0,0,64,62,61,61,59,60,60,59,62,69,73,69,7,4.84,2.87,0.66,-2.29,-1.99,-5.19,-5.5,-1.25,4.5,7.33,7.27
78,78,54.336332,-129.295806,457,-1.1,3.3,7.1,10.6,16.8,19.1,20.8,20.3,16.8,9.4,3.6,0.8,-5.9,-2.2,-0.1,1.5,5.4,8.6,11.1,11.8,8.6,4.1,-1,-3.3,-3.5,0.5,3.5,6.1,11.1,13.8,16,16,12.7,6.8,1.3,-1.3,264,267,193,160,100,89,78,114,207,395,318,377,2,4.4,8.9,13,18.1,19.4,18.8,15.4,10.2,4.9,2.4,1.1,140,54,26,7,0,0,0,0,0,5,43,86,0,5,22,58,194,265,340,342,232,87,9,3,668,486,452,359,217,132,77,79,167,349,502,594,0,1,2,1,3,8,14,17,8,2,3,1,4,8,15,19,28,30,31,31,29,26,12,7,146,74,26,13,1,0,0,1,4,11,77,133,0,11,28,51,89,99,101,78,48,19,7,0,0,0,0,0,0,10,23,0,0,0,0,0,80,79,75,70,64,67,70,74,74,82,83,83,26.27,25.93,17.65,13.08,3.6,1.85,0.25,4.45,15.07,37.05,30.92,37.25
79,79,49.543896,-124.762279,-10,5.7,8.3,11.7,14.6,19.2,21.8,24.9,25.1,21.1,14.5,9,6.6,0.3,2,3.3,4.4,7.9,10.8,12.7,12.9,9.9,6.4,3.1,1.8,3,5.1,7.5,9.5,13.6,16.3,18.8,19,15.5,10.5,6.1,4.2,172,142,114,61,41,41,28,30,44,127,202,202,3.3,5.6,9.4,14.5,19.3,20.6,21.3,18.3,12.9,6.4,3.6,2.4,33,17,8,2,0,0,0,0,0,1,9,23,25,42,86,136,269,339,427,434,317,178,63,38,467,356,328,256,151,75,26,27,96,234,359,426,0,0,1,1,9,24,50,58,22,1,1,0,16,19,24,26,30,30,31,31,30,29,23,20,14,5,1,1,0,0,0,0,0,0,9,9,11,20,42,67,103,115,129,111,69,34,15,9,0,0,0,7,62,74,101,81,25,0,0,0,81,78,72,67,65,66,63,63,66,74,80,83,16,12.28,8.06,1.16,-2.88,-3.92,-7.11,-7.09,-3.32,8.08,18.05,18.71
80,80,53.513249,-124.219188,1032,-5.7,0.2,5,9.6,15.5,18.2,21.3,21.1,16.2,9.5,0.4,-3.9,-15,-9.8,-6.5,-2.9,1.2,5,7.4,7.4,3.6,-0.9,-8,-13,-10.3,-4.8,-0.7,3.3,8.3,11.6,14.3,14.2,9.9,4.3,-3.8,-8.4,55,30,30,27,40,69,46,46,45,58,62,59,2.6,5.2,10.5,14.3,18.5,21.4,20.8,17.9,11.5,5.6,2.9,1.9,323,156,78,19,1,0,0,0,1,13,146,268,0,0,1,26,115,199,289,286,155,46,0,0,878,634,583,441,300,192,118,119,243,426,653,815,0,0,0,0,0,3,6,7,3,0,1,0,0,1,2,6,18,28,31,30,24,12,2,0,52,25,21,9,3,1,0,1,2,6,44,55,0,0,0,53,91,105,116,96,55,25,0,0,0,0,0,27,52,35,70,49,10,0,0,0,60,59,57,57,55,59,58,58,60,65,66,61,5.48,2.95,2.07,0.15,-2.11,-0.91,-4.89,-4.72,-2.3,3.17,6.01,5.88
81,81,50.138676,-119.501595,714,-0.8,3.5,9.7,14.4,20.1,23.9,27.5,27.2,21.4,13,5.1,0.6,-7,-3.5,0,2.8,6.9,10.5,13.1,13.1,9,3.6,-1.1,-4.9,-3.9,0,4.8,8.6,13.5,17.2,20.3,20.2,15.2,8.3,2,-2.1,53,32,27,32,37,36,29,37,29,38,46,64,3.1,6.3,11.3,15.8,19.6,21.8,23,19.2,13.7,7.3,3.4,2.2,150,61,18,3,0,0,0,0,0,3,35,104,0,7,48,117,267,366,474,470,308,121,20,4,680,501,410,284,153,57,13,16,102,302,480,621,0,0,0,1,10,35,85,84,20,0,0,0,3,6,15,22,30,30,31,31,29,25,12,4,31,11,2,1,0,0,0,0,0,0,9,29,0,0,40,69,110,129,145,121,71,33,12,0,0,0,13,37,73,93,116,84,42,0,0,0,74,74,67,63,59,60,58,59,62,69,77,78,5.17,2.38,0.05,-1.99,-4.74,-6.86,-10.3,-9.15,-5.93,-0.52,3.43,6.1
82,82,49.249126,-124.949347,279,3.3,6,9.6,12.5,17.7,20.2,24,24.5,20.6,13.3,7,4.3,-1.1,0.4,1.5,3.1,6.5,9.2,11.6,12,9.8,5.9,2.2,0.4,1.1,3.2,5.5,7.8,12.1,14.7,17.8,18.3,15.2,9.6,4.6,2.4,395,365,291,200,98,66,46,60,103,352,532,513,2.6,5,8.5,13.6,18.6,20.1,20.9,17.4,11.8,5.5,2.9,1.9,53,28,14,4,0,0,0,0,0,2,15,37,11,21,50,94,224,291,396,411,307,155,40,20,526,411,388,307,192,112,40,36,103,260,403,482,0,0,0,0,4,12,33,44,20,0,0,0,12,15,20,23,29,30,31,31,30,28,20,16,65,34,12,6,1,0,0,0,1,2,42,49,9,17,38,61,97,109,126,110,68,32,13,8,0,0,0,0,0,43,80,50,0,0,0,0,84,80,73,69,65,66,63,63,67,76,83,86,38.69,35.19,26.63,16.12,3.31,-0.92,-5.14,-4.03,2.64,31.05,51.65,50.37
83,83,49.610767,-124.057623,131,5.2,7.7,11.2,14.1,18.6,21,23.9,24.2,20.3,14,8.6,6.3,0.6,2.3,3.7,5.2,8.6,11.3,13.4,13.8,11.3,7.3,3.4,1.9,2.9,5,7.4,9.7,13.6,16.2,18.6,19,15.8,10.6,6,4.1,151,115,97,70,54,56,31,37,53,117,166,168,3.2,5.5,9.4,14.5,18.7,20.2,21.1,18.2,12.6,6,3.3,2.3,34,17,8,2,0,0,0,0,0,1,9,23,24,41,86,139,270,334,423,435,325,183,62,37,472,359,329,252,150,78,28,26,89,228,360,428,0,0,1,2,9,22,48,59,24,2,1,0,17,20,25,27,30,30,31,31,30,30,23,20,13,4,1,1,0,0,0,0,0,0,8,8,10,18,39,63,96,107,119,102,63,31,14,9,0,0,0,0,42,51,88,65,9,0,0,0,84,81,75,71,69,70,68,69,72,78,82,85,14,9.71,6.6,2.38,-1.04,-1.8,-5.83,-5.37,-1.53,7.51,14.51,15.43
84,84,48.392955,-123.943074,198,6.3,8.5,11.1,12.7,16.3,18.4,20.3,21.1,19.5,14.2,9.4,7,1,2.2,3.4,4.4,7.1,9.3,11,11.5,10.1,6.8,3.6,2.4,3.7,5.4,7.2,8.5,11.7,13.9,15.6,16.3,14.8,10.5,6.5,4.7,304,237,171,119,50,47,32,38,66,197,301,300,4.4,7.1,10,14.7,18.5,20.1,20.9,18.8,14.5,7.6,4.9,3.3,28,16,9,3,0,0,0,0,0,1,8,20,29,42,78,110,211,266,331,352,294,180,69,42,446,350,336,285,202,131,84,73,113,232,345,410,0,0,0,0,2,8,12,19,17,0,0,0,18,19,25,26,30,30,31,31,30,29,24,22,20,8,2,2,0,0,0,0,1,1,11,11,12,21,41,60,88,97,104,92,64,34,16,10,0,0,0,0,38,51,72,54,0,0,0,0,82,79,74,72,70,71,71,70,71,76,80,84,28.93,21.67,14.05,8,-0.56,-1.56,-3.83,-3.61,-0.07,15.2,27.73,28.4
85,85,49.19407,-123.859823,13,6.3,8.6,11.6,13.9,18.2,20.6,23.5,24,20.3,14.2,9.5,7.2,0.8,2.5,4,5.3,8.7,11.4,13.7,13.9,11.5,7.2,3.6,2.4,3.5,5.5,7.8,9.6,13.5,16,18.6,18.9,15.9,10.7,6.6,4.8,142,114,91,55,41,44,24,29,42,96,156,166,-9999,-9999,-9999,-9999,-9999,-9999,-9999,-9999,-9999,-9999,-9999,-9999,29,15,7,2,0,0,0,0,0,1,8,20,30,47,93,139,266,330,421,432,327,186,73,45,451,345,319,252,154,81,29,28,88,225,343,407,0,0,1,2,8,21,46,57,25,1,1,0,17,20,26,27,30,30,31,31,30,30,24,22,10,3,1,1,0,0,0,0,0,0,6,6,12,20,41,63,94,104,115,101,63,33,15,10,0,0,0,8,53,60,91,72,21,0,0,0,81,79,75,72,70,71,70,69,73,77,80,83,12.81,9.34,5.88,1.03,-2.04,-2.58,-6.01,-5.85,-2.53,5.27,13.23,15.03
86,86,49.63765,-124.005658,131,5,7.6,11.1,14,18.5,21,24,24.4,20.3,13.9,8.4,5.9,0.4,2.2,3.6,5.1,8.5,11.2,13.3,13.7,11.1,7.1,3.2,1.8,2.7,4.9,7.3,9.5,13.5,16.1,18.6,19,15.7,10.5,5.8,3.9,158,118,100,74,58,58,33,39,57,123,170,175,3.3,5.7,9.5,14.6,19,20.6,21.5,18.4,12.7,6.2,3.4,2.4,35,18,8,2,0,0,0,0,0,1,10,25,23,39,84,136,267,332,423,434,323,179,59,35,476,363,332,256,153,80,28,27,91,233,366,435,0,0,1,2,8,22,48,58,24,1,1,0,16,19,25,27,30,30,31,31,30,30,23,20,15,5,1,1,0,0,0,0,0,0,8,9,10,18,39,63,96,107,120,103,63,31,13,9,0,0,0,0,38,49,87,64,6,0,0,0,84,81,75,71,68,70,68,68,71,78,82,86,14.73,10.09,6.93,2.85,-0.66,-1.59,-5.74,-5.31,-1.27,8.03,15.06,16.2
87,87,49.915282,-122.749482,1579,-2.3,-0.1,2,4.8,10.3,13.8,16.1,16.9,13.6,7.1,1.3,-1.4,-8,-6.1,-4.9,-2.9,0.6,4.1,7.1,8,5.7,0,-5.3,-6.7,-5.1,-3.1,-1.5,1,5.4,8.9,11.6,12.4,9.7,3.6,-2,-4.1,334,258,212,139,123,123,61,100,129,276,352,346,3.9,6.5,10.6,16,20.2,23.4,24.5,20.1,13.2,6.4,3.9,2.8,182,118,92,42,4,1,0,0,1,17,103,151,0,0,0,6,53,122,205,231,147,38,0,0,718,588,605,511,390,272,198,175,251,449,600,681,0,0,0,0,0,0,1,3,3,0,1,0,2,2,4,6,16,26,31,31,27,15,4,2,234,182,165,92,31,6,1,2,7,44,192,230,0,0,0,40,70,84,88,77,48,24,0,0,0,0,0,0,0,0,27,0,0,0,0,0,76,75,73,72,68,68,71,72,74,75,74,78,33.42,25.57,20.6,12.72,9.18,7.04,-0.13,3.47,7.86,25.66,34.79,34.54
88,88,49.238293,-118.240412,1362,-3,0.7,5.9,11,16,19.6,24.2,24.4,18.6,10.2,2,-1.7,-9.1,-5.9,-3,0.2,4.1,7.6,11.2,11.4,7.3,1.6,-3.7,-7.3,-6,-2.6,1.4,5.6,10,13.6,17.7,17.9,12.9,5.9,-0.9,-4.5,112,80,79,52,64,64,40,46,36,93,122,137,2,5.6,10.3,14.8,18.7,20.7,22.1,18.2,12,5.9,2.2,1.2,206,107,45,9,0,0,0,0,0,7,78,162,0,0,14,58,163,257,393,400,238,70,5,0,746,573,516,373,240,137,41,42,160,377,566,694,0,0,0,0,1,7,32,39,9,0,0,0,1,3,7,15,26,29,31,31,28,20,6,2,87,52,29,6,2,0,0,0,1,4,52,96,0,0,33,60,93,111,129,111,65,30,0,0,0,0,0,8,30,47,89,65,28,0,0,0,74,73,68,64,62,63,61,61,65,71,78,77,11.2,7.71,6.49,1.81,-0.43,-2.07,-7.32,-6.78,-4.13,6.28,11.62,13.64
89,89,49.394581,-122.438362,718,2.3,5.4,8.4,10.8,15.3,17.8,21,21.7,18.4,11.7,5.7,3.2,-3.1,-0.7,0.7,2,5.5,8.2,10.7,11.5,9.4,5,0.4,-1.4,-0.4,2.4,4.5,6.4,10.4,13,15.9,16.6,13.9,8.3,3.1,0.9,455,376,321,248,178,146,116,110,163,385,475,461,3.9,6.5,10.6,15.7,19.7,22.2,23.7,19.7,13.8,7.2,4.3,2.9,75,34,19,7,0,0,0,0,0,3,25,52,4,14,36,66,175,240,337,360,268,122,23,10,573,434,419,350,232,150,79,67,135,301,448,527,0,0,0,0,0,5,13,22,12,0,1,0,8,12,17,20,28,30,31,31,29,27,16,11,120,50,23,17,4,1,0,1,2,4,64,78,0,17,35,56,86,97,109,95,59,29,12,8,0,0,0,0,0,0,0,0,0,0,0,0,79,78,74,70,68,70,68,69,72,78,81,83,44.93,36.36,30,21.65,12.13,8.08,3.6,2.7,9.8,35,46.15,45.29
90,90,50.347939,-121.389483,878,-2.2,2.7,8.3,12.7,18.2,21.5,25.3,25.3,20.1,12,3.2,-1.3,-9.1,-5.2,-1.8,1.1,5.5,8.8,11.6,11.6,7.8,2.6,-3.3,-7.5,-5.6,-1.2,3.2,6.9,11.8,15.2,18.4,18.4,13.9,7.3,0,-4.4,58,31,21,22,28,28,23,28,26,33,46,57,4,6.9,11.5,16.3,19.9,22.8,23.6,19.7,13.9,7.7,4.2,2.9,195,80,28,5,0,0,0,0,0,4,63,158,0,2,28,80,214,305,417,417,269,98,8,0,733,535,460,334,199,101,30,34,135,332,541,690,0,0,0,0,4,15,44,48,13,0,0,0,1,3,10,18,28,30,31,31,29,22,7,2,43,15,3,1,0,0,0,0,0,1,16,39,0,0,37,64,101,118,134,114,68,31,0,0,0,0,16,42,74,90,111,86,41,0,0,0,71,70,65,62,60,61,59,60,62,69,75,74,5.78,2.49,0,-1.95,-4.76,-6.35,-9.39,-8.84,-5.68,-0.47,3.86,5.63
91,91,48.471764,-123.54989,98,6.6,9,11.9,14.2,18.2,20.8,23.5,24,20.7,14.7,9.7,7.4,1.5,3,4.3,5.4,8.1,10.3,12.3,12.6,10.8,7.3,4.2,3,4.1,6,8.1,9.8,13.1,15.6,17.9,18.3,15.8,11,7,5.2,171,117,90,59,31,31,18,23,34,99,169,177,3.2,5.8,9.1,14.2,18.2,20,20.6,17.7,12.8,6.2,3.6,2.4,25,13,7,2,0,0,0,0,0,1,7,18,35,54,99,142,256,316,401,412,324,192,79,51,435,332,309,248,164,92,38,36,90,217,331,395,0,0,1,1,6,17,35,45,24,1,0,0,19,21,26,27,30,30,31,31,30,30,25,23,10,3,1,1,0,0,0,0,0,0,5,5,12,21,42,65,96,110,122,106,68,35,16,10,0,0,0,6,66,79,104,83,34,0,0,0,82,80,75,71,68,68,66,66,69,76,81,85,15.6,9.55,5.55,1.2,-3.27,-4.35,-7.18,-6.93,-3.92,5.24,14.51,16.02
92,92,48.835121,-124.198196,379,4,6.2,9.4,12.3,17,20,23.6,24.5,20.5,13.6,7.3,4.6,-0.8,0.6,1.9,3.2,6.3,8.9,11,11.7,9.5,5.8,2.1,0.6,1.6,3.4,5.7,7.7,11.6,14.5,17.3,18.1,15,9.7,4.7,2.6,311,272,215,126,68,57,36,46,70,217,361,369,3.7,6.5,9.8,14.7,19.2,21,21.8,19,14,7.3,4.1,2.8,47,26,14,4,0,0,0,0,0,2,14,34,13,23,52,93,209,284,382,405,301,158,42,21,511,404,384,309,204,117,48,39,108,258,399,474,0,0,0,0,2,11,26,41,19,0,0,0,13,15,21,23,29,30,31,31,29,28,20,17,43,22,8,4,1,0,0,0,1,1,27,32,10,18,37,61,94,110,127,112,69,34,13,8,0,0,0,0,26,53,90,66,0,0,0,0,83,80,75,70,66,65,62,62,66,74,82,86,30.2,25.79,19.07,8.78,0.56,-1.87,-6.11,-5.7,-0.72,17.22,34.41,35.87
93,93,48.541655,-123.527454,254,5.6,7.9,10.9,13.4,17.5,20.3,23.3,23.9,20.3,14,8.6,6.2,0.5,2.1,3.3,4.5,7.4,9.8,12,12.4,10.6,6.8,3.3,2.1,3.1,5,7.1,8.9,12.4,15.1,17.7,18.1,15.5,10.4,6,4.1,185,133,105,64,35,36,19,26,36,108,191,197,2.7,5.7,9.1,14.1,18.2,19.9,20.5,17.6,12.6,6.2,3.2,2.1,33,17,9,3,0,0,0,0,0,1,9,23,25,40,78,122,235,301,394,407,315,176,61,37,466,360,339,273,182,103,41,38,97,236,361,427,0,0,0,0,4,14,32,42,22,0,0,0,16,19,24,26,30,30,31,31,30,29,23,21,15,5,2,1,0,0,0,0,0,0,9,9,12,20,40,63,94,109,121,106,66,33,15,9,0,0,0,0,60,73,102,80,30,0,0,0,82,80,75,71,68,67,66,65,70,77,82,85,17.24,11.4,7.52,2.14,-2.74,-3.82,-7.12,-6.74,-3.55,6.38,16.98,18.32
94,94,51.409465,-121.197452,1144,-3.4,1.8,6.7,11,16.8,20.1,23.5,23.1,18.1,10.6,1.8,-2.8,-12.9,-9,-5,-1.8,2.4,5.9,7.8,7.3,3.9,-0.4,-6.4,-10.7,-8.1,-3.6,0.9,4.6,9.6,13,15.6,15.2,11,5.1,-2.3,-6.7,44,27,22,33,40,46,44,43,38,31,38,51,3.3,5.9,11.2,15.7,19.3,21.8,22.5,18.8,13,6.8,3.5,2.4,259,128,53,12,0,0,0,0,0,10,109,224,0,0,8,41,151,240,331,317,186,57,1,0,810,601,533,403,261,150,85,98,207,402,609,764,0,0,0,0,0,5,12,12,4,0,1,0,0,1,4,9,22,28,31,30,24,13,3,1,39,20,10,6,1,0,0,0,1,2,22,44,0,0,34,60,99,116,131,109,64,30,0,0,0,0,13,27,59,69,86,66,26,0,0,0,60,58,58,57,55,57,54,53,56,63,67,66,4.42,2.44,0.71,0.09,-3.31,-4.45,-6.96,-6.8,-4.24,-0.03,3.4,5.1
95,95,49.495173,-117.343918,1252,-2.7,1.5,6.3,11.2,16.5,20.2,24.4,24.8,19.1,10,1.9,-1.4,-8.1,-4.7,-2.2,0.8,4.9,8.4,11.7,12.1,8.2,2.1,-3,-6.6,-5.4,-1.6,2.1,6,10.7,14.3,18.1,18.4,13.7,6.1,-0.5,-4,131,80,92,73,76,71,46,53,45,92,148,153,3.1,6.4,11.1,15.6,19.4,21.3,22.6,19.5,12.9,6.6,3.1,2.2,189,88,38,8,0,0,0,0,0,6,72,148,0,1,18,64,183,278,405,417,261,73,6,0,726,546,496,361,226,122,35,34,142,371,556,678,0,0,0,0,2,10,37,47,11,0,0,0,2,4,9,17,27,30,31,31,29,21,7,3,95,42,25,6,1,0,0,0,1,4,59,100,0,0,33,59,94,112,129,111,65,29,0,0,0,0,0,0,19,40,82,58,20,0,0,0,77,75,69,66,63,63,62,62,66,73,81,78,13.13,7.48,7.64,3.82,0.67,-1.45,-6.55,-6.17,-3.34,6.24,14.18,15.15
96,96,55.432798,-121.240482,997,-7.4,-3.2,1.6,8.4,14.7,18.2,20.8,20.5,14.9,8.3,-2.1,-6.1,-15.7,-11.4,-7.7,-2.9,1.6,5.9,8.6,8.3,4.2,0,-8.7,-13.2,-11.6,-7.3,-3.1,2.7,8.1,12.1,14.7,14.4,9.6,4.1,-5.4,-9.7,51,42,41,42,50,85,79,51,53,56,57,48,2.8,5.6,11.2,16.2,19.6,21.6,21,17.9,11.4,5.9,3.1,2,361,218,129,24,1,0,0,0,1,14,184,298,0,0,0,22,110,212,298,291,144,44,0,0,915,704,655,459,306,179,109,116,254,431,702,854,0,0,1,0,0,3,7,8,3,1,2,0,0,0,1,6,19,28,31,31,25,15,1,0,49,40,37,17,4,1,0,1,3,7,47,46,0,0,0,47,85,101,107,87,47,20,0,0,0,0,0,6,35,16,28,36,0,0,0,0,64,66,63,61,58,61,63,63,66,72,72,69,5.09,4.18,3.74,2.1,-0.52,0.9,-0.83,-3.48,-0.39,3.4,5.69,4.78
97,97,54.420176,-128.623857,143,-1,3.8,8.4,12,18.1,20.3,22.8,22.8,17.9,10.6,3.9,0.4,-5.6,-1.3,1.4,2.7,6.3,9.4,12,12.1,8.9,5,0,-3.2,-3.3,1.3,4.9,7.4,12.2,14.8,17.4,17.5,13.4,7.8,1.9,-1.4,171,164,104,85,51,53,47,63,104,233,189,211,2.3,4.5,9.1,13.4,18.3,19.6,19.2,15.9,10.5,4.9,2.6,1.5,135,45,17,5,0,0,0,0,0,3,36,89,0,10,42,84,227,294,384,387,254,109,15,4,662,465,408,320,189,109,47,50,148,317,483,598,0,1,2,2,5,12,28,32,11,2,2,1,4,10,19,22,29,30,31,31,29,27,15,7,91,34,6,3,0,0,0,0,2,3,37,78,0,11,29,54,94,104,111,91,51,21,7,0,0,0,0,0,44,51,64,28,0,0,0,0,81,81,76,69,63,66,67,68,71,81,86,85,16.94,15.53,8.39,4.99,-1.69,-2.09,-3.85,-2.12,4.45,20.49,18.01,20.75
98,98,51.771251,-128.098188,63,5.9,8,10.1,11.1,14.8,15.9,18,17.9,16.6,12.7,8.6,6.5,1.4,2.7,4,4.2,6.9,9.3,11.4,12,10.1,7.4,4.1,2.7,3.7,5.3,7.1,7.6,10.8,12.6,14.7,14.9,13.4,10.1,6.3,4.6,310,285,254,243,155,156,108,127,206,405,387,345,-9999,-9999,-9999,-9999,-9999,-9999,-9999,-9999,-9999,-9999,-9999,-9999,28,16,9,4,0,0,0,0,0,1,8,20,28,40,70,88,187,229,299,306,253,167,64,40,447,351,342,312,223,157,108,103,149,247,350,411,0,0,2,2,3,4,7,10,10,3,1,0,19,21,26,25,30,30,31,31,30,30,25,23,20,10,4,8,3,1,1,1,3,2,16,13,9,16,33,50,76,78,82,66,47,25,11,7,0,0,0,0,0,0,0,0,0,0,0,0,84,82,79,77,74,79,79,81,79,83,85,87,29.67,26.64,22.82,21.3,10.8,10.84,5.51,7.63,15.71,36.93,36.68,33.1
99,99,49.457174,-123.331118,104,5.8,8.7,11.4,14.1,18.2,20.5,23.2,23.8,20.2,14.3,9.3,6.7,0.8,3.2,4.5,6,9.3,11.7,13.9,14.4,12,8,4,2.4,3.3,5.9,8,10,13.8,16.1,18.6,19.1,16.1,11.2,6.7,4.6,205,178,154,98,77,68,43,54,76,175,260,259,3,5.6,9.7,14.8,18.8,20.8,21.9,18.5,12.6,6.2,3.2,2.2,30,14,7,2,0,0,0,0,0,1,7,21,28,54,97,149,275,333,422,437,334,197,74,43,458,334,313,239,145,80,28,26,83,213,341,414,0,0,2,2,9,22,47,60,27,2,2,0,17,22,27,28,31,30,31,31,30,30,25,22,15,5,1,1,0,0,0,0,0,0,9,10,11,19,39,61,91,102,112,97,61,31,14,9,0,0,0,0,15,34,68,43,0,0,0,0,83,81,77,73,72,73,72,72,74,79,82,85,19.27,15.76,12.27,5.25,1.61,-0.08,-3.84,-3.06,1.06,13.32,23.72,24.43
100,100,52.365559,-117.828444,2073,-6.5,-2.8,1.6,5.6,11.5,14.7,17.8,17.9,13.4,7,-3.2,-7.2,-16.8,-12.3,-9.4,-5.9,0.1,3.8,6.7,6.4,2.4,-3.9,-10.7,-14.6,-11.7,-7.6,-3.9,-0.2,5.8,9.2,12.2,12.1,7.9,1.5,-6.9,-10.9,154,95,82,72,66,100,97,85,84,107,126,138,4.5,7,13.5,17.6,21,22.5,22.3,20.1,14,7.8,4.8,3.5,364,224,151,60,4,1,0,0,2,36,215,341,0,0,0,5,59,130,225,222,100,21,0,0,918,712,681,545,379,264,179,183,304,513,748,893,0,0,1,0,0,0,2,3,1,0,2,0,0,0,1,2,14,26,30,30,21,5,1,0,149,91,77,58,14,4,2,2,8,42,113,134,0,0,0,0,75,88,98,83,49,24,0,0,0,0,0,0,8,0,2,0,0,0,0,0,56,60,57,58,62,65,65,64,64,61,68,67,15.4,9.54,7.98,5.99,2.66,3.73,1.67,0.38,3.2,8.91,12.65,13.75
101,101,50.177016,-124.960427,117,4.8,7.4,10.7,13.9,18.8,21.5,24.2,24.4,20.1,13.5,8,5.5,-0.3,1.6,2.9,4.4,7.8,10.4,12.5,12.7,9.9,6.2,2.6,1.1,2.2,4.5,6.8,9.1,13.3,15.9,18.3,18.6,15,9.9,5.3,3.3,197,154,132,86,64,75,47,53,77,181,228,224,3.2,5.5,9.2,13.8,18.6,0.6,1.3,18,12.6,6.1,3.2,2.3,40,20,10,2,0,0,0,0,0,1,12,29,19,34,72,126,261,328,414,421,301,162,50,28,491,374,349,267,158,83,32,32,108,252,381,453,0,0,1,1,8,20,42,50,18,1,2,0,14,18,23,26,30,30,31,31,30,29,21,18,22,8,2,1,0,0,0,0,1,1,14,15,10,18,38,64,99,113,124,106,64,31,13,8,0,0,0,0,35,38,76,52,0,0,0,0,82,80,74,69,66,66,65,65,68,76,81,85,18.6,13.71,10.33,4.08,-0.37,-0.42,-4.73,-4.23,0.59,13.83,20.94,21.22
102,102,50.492372,-115.208211,2249,-7.6,-5,-0.6,3.4,8.3,12.8,16.9,16.6,12.5,7.2,-4.8,-8.5,-17.4,-13.4,-9,-6.1,-1.8,3.5,6,5.9,2.1,-3.8,-10.2,-15.2,-12.5,-9.2,-4.8,-1.3,3.2,8.2,11.4,11.2,7.3,1.7,-7.5,-11.8,156,90,64,130,182,180,129,97,107,106,147,192,4.4,8.3,13.6,17.8,21.1,23,24.2,21.5,15.1,9,4.7,3.6,389,259,174,83,14,1,0,0,2,33,226,369,0,0,0,3,26,103,199,192,87,22,0,0,944,757,708,580,458,295,204,211,321,507,764,921,0,0,0,0,0,0,1,2,1,0,1,0,0,0,1,2,8,25,30,30,20,5,1,0,153,88,62,115,90,12,3,3,13,39,134,189,0,0,0,0,64,80,96,81,49,26,0,0,0,0,0,0,0,0,0,0,0,0,0,0,57,64,65,63,65,69,66,66,66,61,77,70,15.64,8.95,6.39,12.18,15.82,13,5.3,2.24,6.01,8.72,14.67,19.22
103,103,49.519059,-124.597411,-88,6.4,8.9,12,14.6,19.3,21.8,24.6,25.1,21,14.7,9.6,7,0.8,2.4,3.7,4.9,8.3,11.4,13.1,13.3,10.6,6.9,3.5,2.3,3.6,5.7,7.8,9.7,13.8,16.6,18.9,19.2,15.8,10.8,6.5,4.7,144,105,82,48,38,42,27,24,43,54,131,146,-9999,-9999,-9999,-9999,-9999,-9999,-9999,-9999,-9999,-9999,-9999,-9999,28,15,7,2,0,0,0,0,0,1,8,20,31,50,93,141,277,347,430,440,325,186,71,44,450,341,318,249,144,69,25,25,89,225,344,410,0,0,1,2,10,27,52,62,24,2,1,0,17,20,25,27,30,30,31,31,30,29,23,22,10,3,1,0,0,0,0,0,0,0,5,5,12,20,42,66,102,113,125,109,68,34,15,9,0,0,0,18,63,71,98,85,25,0,0,0,81,78,72,69,66,68,65,65,68,75,79,84,12.97,8.4,4.82,-0.07,-3.03,-3.61,-6.7,-7.3,-3.16,0.82,10.71,13.03
104,104,49.100142,-123.831262,36,6.2,8.6,11.7,14.2,18.5,20.9,24,24.5,20.7,14.4,9.4,7,0.6,2.2,3.8,5.1,8.5,11.2,13.4,13.7,11.4,7.2,3.5,2.2,3.4,5.4,7.7,9.7,13.5,16.1,18.7,19.1,16,10.8,6.5,4.6,151,119,96,56,39,41,23,28,40,94,161,176,3.5,6,9.5,14.7,19.2,20.9,21.8,18.7,13.3,6.5,3.6,2.5,30,16,8,2,0,0,0,0,0,1,8,21,29,46,91,140,267,331,426,439,331,186,71,43,457,349,321,251,153,80,27,25,85,224,346,413,0,0,1,2,8,21,49,61,26,1,1,0,17,19,25,27,30,30,31,31,30,30,24,21,11,4,1,1,0,0,0,0,0,0,6,7,12,20,41,65,96,107,120,105,65,33,15,10,0,0,0,9,57,66,98,77,25,0,0,0,80,78,74,70,69,70,68,68,71,77,80,83,13.73,9.85,6.3,0.86,-2.49,-3.12,-6.7,-6.48,-3.08,4.99,13.73,16.02
105,105,50.790626,-119.204327,839,-2.2,2.4,8.5,13.5,19.4,22.8,26.3,26.1,20.2,11.6,3.7,-0.9,-8.8,-5.3,-1.6,1.7,6,9.7,12.1,12,8.2,3,-2.2,-6.3,-5.5,-1.4,3.5,7.6,12.7,16.3,19.2,19.1,14.2,7.3,0.8,-3.6,86,47,38,45,50,49,46,44,51,51,70,97,3.5,6.6,11.8,15.8,19.2,21,22.1,19.1,14,7.8,3.8,2.5,192,84,26,4,0,0,0,0,0,4,50,138,0,2,31,96,243,337,440,436,276,97,12,1,729,540,452,312,175,76,22,26,129,334,516,666,0,0,0,0,7,23,59,60,14,0,0,0,1,3,10,20,29,30,31,31,29,23,9,3,63,24,5,2,0,0,0,0,1,1,20,59,0,0,37,66,107,123,139,117,67,30,10,0,0,0,0,21,57,74,93,73,15,0,0,0,72,70,65,62,59,61,58,59,63,71,78,77,8.56,4.19,1.67,-0.18,-3.28,-4.98,-7.85,-7.87,-3.13,1.59,6.15,9.56
106,106,49.343821,-124.749566,363,3.1,5.5,8.9,12.1,16.8,19.5,22.6,23,19.2,12.5,6.2,4.1,-1.4,0,1.4,2.7,6.2,9,11.2,11.7,9.4,5.4,1.4,0,0.8,2.7,5.1,7.4,11.5,14.2,16.9,17.4,14.3,9,3.8,2.1,285,244,200,111,60,54,32,39,66,216,333,338,4.5,6.9,10.5,15.6,20.5,21.9,22.9,20.1,14.9,7.9,4.9,3.3,56,31,16,4,0,0,0,0,0,2,19,39,9,17,43,86,205,277,370,384,280,138,30,17,534,423,401,319,207,123,56,51,126,281,426,491,0,0,0,0,2,9,22,31,14,0,0,0,11,13,19,22,29,30,31,31,29,28,19,15,51,27,10,4,1,0,0,0,1,2,34,37,9,16,36,60,93,105,118,102,63,30,12,8,0,0,0,0,33,51,86,63,0,0,0,0,83,81,74,69,66,67,65,66,69,77,83,86,27.74,23.12,17.69,7.43,-0.16,-1.7,-5.63,-5.12,-0.28,17.87,31.91,32.86
107,107,52.389963,-121.286964,884,-3.4,2.2,7.7,12.1,17.9,21.3,24.3,24.4,19.2,11.6,2.8,-2.3,-12.8,-8.2,-4.3,-1,3.2,6.6,8.8,8.2,4.7,0.4,-4.9,-10.1,-8.1,-3,1.7,5.6,10.6,14,16.6,16.3,11.9,6,-1.1,-6.2,64,36,26,36,50,63,55,52,49,49,48,60,3,5.6,11.4,15.6,19,21.4,21.6,18.4,12.3,6.3,3.3,2.2,258,115,42,9,0,0,0,0,0,7,82,209,0,0,14,56,179,268,360,350,211,72,4,0,809,584,507,374,229,129,62,74,186,374,572,747,0,0,0,0,2,8,19,19,6,0,1,0,0,1,5,11,24,29,31,31,26,16,4,1,57,25,8,4,1,0,0,0,1,2,22,50,0,0,35,62,102,120,132,112,65,30,0,0,0,0,10,26,53,57,77,61,16,0,0,0,60,60,57,57,54,56,54,52,55,63,70,67,6.42,3.24,0.81,-0.14,-2.92,-3.28,-6.1,-6.62,-3.55,1.34,4.21,6.02
108,108,53.271548,-127.505802,1135,-3.2,0,3.6,6.1,11.3,13.9,17.5,17,13.7,6.9,0.8,-2.4,-10.9,-7.8,-5.3,-2.6,1.2,3.7,6.6,7,4,0.1,-5.6,-9,-7,-3.9,-0.9,1.7,6.3,8.8,12.1,12,8.9,3.5,-2.4,-5.7,215,210,154,128,92,75,55,106,146,315,276,260,4.2,6.4,11.1,14.2,18.8,20.3,20.7,18.1,12.5,6.8,4.5,2.9,232,134,80,33,3,1,0,0,1,17,112,195,0,0,0,9,67,119,219,218,125,37,0,0,776,608,587,489,364,276,185,187,275,450,611,732,0,1,1,0,0,0,2,2,2,0,2,1,1,1,3,7,18,26,30,30,25,15,3,1,180,163,109,71,16,4,1,3,11,51,160,209,0,0,0,41,71,83,96,76,46,20,0,0,0,0,0,0,0,8,41,0,0,0,0,0,67,68,66,68,67,67,65,68,69,76,74,72,21.53,20.81,14.6,11.39,5.71,2.43,-1.54,4.03,9.71,29.72,27.23,26.04
109,109,49.226596,-119.541404,710,-0.5,4.4,10.7,15.5,20.6,24.6,28.3,28.4,22.9,14.5,5.4,0.6,-6.9,-3.2,0.4,3,7.1,10.8,13.6,13.4,9.2,3.5,-1.1,-5,-3.7,0.6,5.5,9.2,13.8,17.7,20.9,20.9,16.1,9,2.1,-2.2,36,25,26,31,42,36,21,30,19,26,34,47,1.5,4.8,9.7,14.6,18.4,20.4,22.2,17.8,11.8,5.6,1.6,0.8,144,53,14,2,0,0,0,0,0,2,33,106,0,10,59,134,276,380,494,493,332,138,21,3,673,483,389,265,144,49,10,11,84,281,476,623,0,0,0,1,11,41,101,102,27,0,0,0,3,6,16,23,30,30,31,31,29,24,12,4,20,7,1,0,0,0,0,0,0,0,6,22,0,17,43,74,113,134,150,129,79,38,13,0,0,0,17,43,71,98,130,100,59,13,0,0,73,72,66,60,59,59,58,57,59,64,76,77,3.41,1.51,-0.47,-2.83,-4.54,-7.39,-11.81,-11.03,-8.09,-2.67,2.1,4.4
110,110,49.925275,-124.479984,365,4.4,6.9,10.1,12.8,17.7,20.2,23.2,23.3,19.5,13.1,7.5,5.1,-0.8,1.1,2.4,3.8,7.2,10,12.2,12.6,10.1,6.1,2.2,0.6,1.8,4,6.2,8.3,12.4,15.1,17.7,17.9,14.8,9.6,4.8,2.9,189,165,150,98,81,77,46,52,77,162,237,224,3.8,6.3,10.1,14.9,19.4,21,21.9,19.1,13.8,6.9,4,2.9,44,23,12,3,0,0,0,0,0,2,14,32,15,29,61,106,235,302,394,402,295,155,43,24,504,387,366,291,182,103,41,41,113,260,395,466,0,0,1,0,5,14,32,39,17,0,1,0,13,17,22,25,30,30,31,31,30,29,20,17,24,10,4,2,1,0,0,0,1,1,17,17,10,17,38,60,94,106,118,100,62,30,13,8,0,0,0,0,13,29,72,48,0,0,0,0,81,80,74,70,67,68,67,67,70,77,81,84,17.93,14.9,12.32,5.79,1.7,0.36,-4.38,-3.76,0.86,12.07,21.94,21.25
111,111,52.932892,-119.389015,937,-5.1,0.4,6.1,11.2,17.2,20.8,23.4,23.1,17.2,9.8,0.7,-4.2,-13.4,-8.9,-4.9,-1.3,3,6.9,9.2,8.4,5,0.6,-6.1,-11.4,-9.2,-4.3,0.6,5,10.1,13.8,16.3,15.8,11.1,5.2,-2.7,-7.8,73,45,38,36,39,56,54,50,52,62,61,68,3.1,6.1,12.3,16.7,19.6,21.2,21.4,18.4,12.2,6.7,3.5,2.3,289,143,56,11,0,0,0,0,0,9,120,252,0,0,8,48,166,265,351,335,187,59,1,0,844,619,541,391,238,132,68,84,206,398,621,796,0,0,0,0,2,8,16,15,4,0,1,0,0,1,4,10,24,29,31,31,26,17,3,1,67,37,19,5,1,0,0,0,2,4,37,62,0,0,31,58,98,116,125,105,57,25,0,0,0,0,0,22,59,60,71,55,5,0,0,0,65,62,60,58,56,58,57,56,62,69,72,69,7.28,4.44,2.5,0.31,-3.58,-3.51,-5.32,-5.65,-1.82,3.44,5.74,6.85
112,112,49.618832,-124.852264,-78,6.3,8.4,11.8,14.6,19.3,21.8,24.8,25,21,14.6,9.2,7,0.8,2.4,3.7,4.8,8.2,11,12.8,13.1,10.1,6.7,3.4,2.2,3.5,5.4,7.7,9.7,13.7,16.4,18.8,19,15.6,10.6,6.3,4.6,159,116,88,40,40,36,29,16,42,85,142,159,-9999,-9999,-9999,-9999,-9999,-9999,-9999,-9999,-9999,-9999,-9999,-9999,29,16,8,2,0,0,0,0,0,1,8,20,30,46,91,139,273,341,428,435,318,183,67,43,451,347,320,251,147,74,26,27,95,229,352,412,0,0,1,2,9,25,51,59,22,1,1,0,17,20,25,26,30,30,31,31,30,29,23,21,11,4,1,0,0,0,0,0,0,0,6,6,12,19,41,66,102,114,127,109,68,34,15,10,0,0,0,27,62,78,99,93,26,0,0,0,81,79,73,68,65,67,64,64,66,74,80,83,14.49,9.62,5.52,-0.89,-2.93,-4.28,-6.81,-8.2,-3.3,3.91,12,14.33
113,113,50.511397,-116.023788,1039,-4.3,1.5,7.5,12.9,18.4,22.4,26.1,25.9,19.9,11,1.6,-3.3,-12.9,-9,-4.3,-0.2,3.9,7.7,10.1,9.5,5.3,0.3,-6,-10.9,-8.6,-3.8,1.6,6.4,11.2,15.1,18.1,17.7,12.6,5.6,-2.2,-7.1,44,23,21,32,41,50,41,35,33,29,41,47,2.9,6.7,11.8,15.9,19.4,21.4,22.8,20,13.2,7,3.2,2.3,269,132,43,6,0,0,0,0,0,8,107,234,0,0,18,73,196,302,406,395,229,66,4,0,824,605,509,349,216,103,35,45,169,384,606,775,0,0,0,0,4,14,38,36,8,0,0,0,0,1,5,14,26,29,31,31,27,16,3,1,40,17,7,2,1,0,0,0,1,2,23,41,0,0,37,67,106,126,143,122,70,31,0,0,0,0,16,35,64,76,102,87,37,2,0,0,64,58,58,57,55,56,53,52,56,65,70,68,4.41,2.07,0.37,-1.12,-4.06,-5.32,-9.05,-9.7,-5.61,-0.36,3.67,4.67
114,114,49.495566,-124.205651,-51,6.5,8.8,11.8,14.3,18.7,21.2,23.9,24.2,20.2,14.3,9.7,7.3,1.2,2.8,4.2,5.5,9.1,11.9,14,14.1,11.4,7.3,3.8,2.5,3.8,5.8,8,9.9,13.9,16.6,18.9,19.1,15.8,10.8,6.8,4.9,122,99,77,46,37,40,24,25,39,86,136,145,3.3,5.5,9.2,14.3,18.7,20.2,21,18,12.6,6,3.4,2.3,27,14,7,2,0,0,0,0,0,1,7,19,34,52,98,146,279,346,432,438,325,187,76,48,442,338,311,244,141,70,24,25,89,224,338,402,0,0,2,2,10,26,54,61,24,2,1,0,18,21,26,27,31,30,31,31,30,30,24,22,7,3,1,0,0,0,0,0,0,0,5,5,12,20,41,64,96,106,117,101,62,32,15,10,0,0,0,18,58,65,93,76,23,0,0,0,81,80,75,71,70,71,70,70,73,77,80,83,10.74,7.77,4.4,-0.07,-2.61,-3.11,-6.16,-6.25,-2.72,4.27,11.16,12.88
115,115,49.182085,-118.603889,1257,-2.3,2.1,6.8,11.3,16.7,20.4,25.1,25.2,19.9,11.1,2.3,-1.5,-10.2,-6.6,-3.4,-0.3,3.6,7.1,10,10.3,6.1,0.8,-4.5,-8.6,-6.3,-2.2,1.7,5.5,10.2,13.8,17.5,17.7,13,5.9,-1.1,-5,71,49,46,38,57,51,30,41,29,45,67,83,3.8,7.3,12,16.4,20.1,22.2,23.8,20.4,14.8,8.2,4.1,2.6,212,99,42,9,0,0,0,0,0,7,83,177,0,0,16,57,167,263,390,395,242,71,5,0,753,563,506,374,238,133,43,45,158,375,573,711,0,0,0,0,1,8,30,36,9,0,0,0,1,2,6,13,25,29,31,31,28,17,5,1,56,30,15,4,1,0,0,0,1,2,30,62,0,0,36,62,98,117,139,119,72,33,0,0,0,0,0,23,41,65,109,78,43,0,0,0,67,66,63,62,59,59,56,56,58,65,73,70,7.08,4.44,3.01,0.31,-1.52,-3.94,-9.44,-8.43,-6.09,0.99,6.11,8.26
116,116,49.482524,-115.840817,1150,-3.4,2.1,7.4,12.4,17.5,21.8,26.1,26.2,20.5,11.7,2.4,-2.4,-11.6,-7.3,-3.2,0.2,4,7.8,10.6,10.4,5.8,0.6,-4.7,-9.6,-7.5,-2.6,2.1,6.3,10.7,14.8,18.4,18.3,13.1,6.1,-1.2,-6,57,31,33,36,51,56,34,29,31,37,60,61,3.4,7.3,12,16,19.8,22.2,23.7,20.7,14.2,7.5,3.7,2.5,243,106,38,7,0,0,0,0,0,6,85,203,0,1,21,72,183,293,415,413,245,74,6,0,790,573,495,351,226,110,31,36,156,369,575,740,0,0,0,0,3,12,43,45,9,0,0,0,1,2,6,15,26,29,31,31,27,17,5,1,49,20,9,3,1,0,0,0,1,1,28,50,0,0,37,65,102,124,143,123,74,34,0,0,0,0,4,29,50,68,110,94,43,0,0,0,65,63,62,60,58,58,55,54,55,64,72,69,5.73,2.73,1.56,-0.49,-2.46,-4.38,-9.8,-10.4,-6.27,-0.04,5.42,6.08
117,117,50.341532,-122.477503,1717,-3.8,-0.6,2.2,5.7,10.9,14.3,17.2,17.6,12.9,6.4,-0.6,-2.9,-9.8,-7.7,-6.2,-3.7,-0.2,3.3,5.9,6.5,4.2,-1.1,-6.8,-8.7,-6.8,-4.2,-2,1,5.3,8.8,11.5,12.1,8.5,2.7,-3.7,-5.8,164,111,82,58,45,43,31,38,56,130,161,178,4.8,7.7,12.1,17.2,20.8,24.3,25.3,21.2,14.8,8.3,5,3.7,225,142,104,42,5,1,0,0,1,24,144,199,0,0,0,7,51,118,202,220,116,29,0,0,768,617,623,510,393,277,201,185,285,477,651,736,0,0,0,0,0,0,1,3,2,0,1,0,1,1,2,5,13,25,30,30,25,11,2,1,135,89,69,38,12,2,1,1,5,32,113,145,0,0,0,44,74,89,98,84,47,23,0,0,0,0,0,0,29,46,67,46,0,0,0,0,74,70,67,66,63,64,64,65,71,73,74,75,16.43,10.94,7.68,4.39,0.98,-1.42,-4.32,-3.77,0.91,11.31,15.92,17.79
118,118,49.04491,-119.049284,940,-1.8,3.3,9,13.9,19.2,23.2,27.6,27.7,22.6,13.8,3.8,-0.7,-9.9,-6.2,-2.4,0.6,4.5,8,10.4,10.3,6.5,1.1,-4,-7.9,-5.8,-1.4,3.3,7.3,11.8,15.6,19,19,14.6,7.4,-0.1,-4.3,33,25,21,27,44,42,23,36,20,21,32,45,1.9,5.5,10.2,15,18.9,21.3,22.8,18.6,12.6,6.2,2.1,1.1,200,84,27,5,0,0,0,0,0,4,64,156,0,2,30,89,214,318,435,434,288,101,9,0,739,541,458,323,199,90,23,27,119,328,543,688,0,0,0,0,4,18,56,58,16,0,0,0,1,2,8,16,27,29,31,31,28,18,6,2,25,13,3,1,0,0,0,0,0,0,12,31,0,0,41,71,111,132,155,133,82,39,0,0,0,0,20,45,67,90,131,97,62,18,0,0,66,63,61,57,55,55,51,51,52,59,71,70,3.26,1.84,-0.17,-2.24,-4.09,-6.66,-12.22,-11.05,-8.69,-2.75,2.38,4.42
119,119,48.532471,-124.448184,91,6.4,8.5,10.8,12.4,15.7,17.5,19.1,19.8,18.5,14.5,9.7,7.3,1.4,2.5,3.5,4.6,7.4,9.6,11.1,11.7,10.2,7.1,4.2,2.7,3.9,5.5,7.2,8.5,11.6,13.5,15.1,15.8,14.3,10.8,6.9,5,380,330,276,174,89,80,62,63,103,294,428,436,-9999,-9999,-9999,-9999,-9999,-9999,-9999,-9999,-9999,-9999,-9999,-9999,26,15,9,3,0,0,0,0,0,1,7,18,31,43,75,110,207,255,314,334,281,187,77,46,440,347,338,286,206,139,99,85,124,223,332,399,0,0,0,0,2,7,9,15,15,0,0,0,19,20,25,26,30,30,31,31,30,30,25,23,23,10,4,4,1,0,0,0,1,1,14,13,12,20,40,58,83,90,94,84,59,34,16,10,0,0,0,0,0,9,32,20,0,0,0,0,83,79,75,74,73,75,75,74,74,76,81,84,36.61,30.97,24.71,13.67,3.85,2.54,0.16,-0.07,4.35,24.9,40.4,41.96
120,120,50.783892,-121.080331,845,-2.7,2.6,9.2,13.9,19.8,23.4,26.6,26.3,20.7,12.6,3.5,-1.3,-10.1,-6,-2.2,0.9,5.6,9.3,11.4,11.3,7.3,2.1,-3.7,-8.1,-6.4,-1.7,3.5,7.4,12.7,16.4,19,18.8,14,7.4,-0.1,-4.7,31,17,13,21,29,33,31,32,28,23,25,36,3.7,6.6,11.5,16.2,19.6,22.2,22.9,19.2,13.7,7.6,4,2.7,215,88,25,4,0,0,0,0,0,4,64,167,0,2,32,91,243,340,434,428,272,99,9,0,757,547,450,319,175,74,24,29,132,331,543,700,0,0,0,0,7,24,55,55,13,0,0,0,1,3,9,17,28,30,31,31,28,21,6,2,25,9,2,1,0,0,0,0,0,0,9,26,0,0,39,69,110,129,143,119,70,33,0,0,0,0,26,47,81,96,112,88,42,9,0,0,68,66,61,58,56,58,56,56,59,66,73,72,3.12,1.16,-1.04,-2.74,-5.75,-7.3,-9.98,-9.53,-6.07,-1.78,1.72,3.52
121,121,54.085982,-120.260928,1760,-5.6,-1.9,1.3,5.5,10.9,13.6,16.3,16.3,12.9,6.9,-1.7,-4.8,-14.5,-11.1,-7.5,-4.4,0.5,4.4,7.2,7.1,3.2,-1.9,-8.7,-12.9,-10.1,-6.5,-3.1,0.5,5.7,9,11.8,11.7,8,2.5,-5.2,-8.9,159,121,99,114,118,132,124,105,139,163,160,158,2.6,5.6,11.5,16.1,19.6,21.5,20.9,18,11,5.6,2.9,1.9,315,198,130,48,4,1,0,0,2,25,180,279,0,0,0,6,57,123,209,207,104,28,0,0,870,682,656,524,381,271,194,197,299,483,696,829,1,1,2,0,0,0,1,2,1,1,3,1,0,0,1,4,16,27,31,30,23,9,1,0,150,113,91,82,27,6,3,3,13,44,130,150,0,0,0,41,70,79,86,71,44,21,0,0,0,0,0,0,0,0,0,0,0,0,0,0,62,62,65,64,65,70,71,71,68,69,70,66,15.86,12.14,9.63,10.17,8.28,8.04,5.86,3.94,9.12,14.46,16,15.83
122,122,50.204167,-119.280497,776,-0.7,3.6,9.9,14.4,19.9,23.7,27.5,27.2,21.5,12.9,5.2,0.5,-7.2,-3.6,-0.3,2.8,6.9,10.5,13.1,13.1,9,3.6,-1.2,-5.2,-4,0,4.8,8.6,13.4,17.1,20.3,20.2,15.2,8.3,2,-2.4,46,29,23,32,42,43,32,38,36,31,39,59,1.9,5.1,10.2,14.8,18.6,20.7,21.8,18,12.2,6,2.1,1.2,152,61,18,3,0,0,0,0,0,3,35,109,0,7,47,118,264,364,473,471,308,120,20,3,682,500,411,284,156,59,13,16,102,303,480,628,0,0,0,1,9,33,85,85,20,0,0,0,2,5,14,22,30,30,31,31,29,25,11,4,27,10,1,1,0,0,0,0,0,0,7,28,0,16,40,69,108,128,145,121,72,33,12,0,0,0,17,36,66,85,112,84,35,2,0,0,73,73,66,63,60,60,58,59,62,70,77,76,4.47,2.1,-0.43,-1.98,-4.13,-6.15,-10.03,-9.22,-5.39,-1.15,2.65,5.62
123,123,50.183124,-119.342641,776,-0.8,3.5,9.7,14.2,19.8,23.6,27.4,27.1,21.4,12.7,5.1,0.4,-7.3,-3.7,-0.4,2.7,6.8,10.5,13.1,13.1,9,3.6,-1.3,-5.3,-4,-0.1,4.6,8.5,13.3,17.1,20.2,20.1,15.2,8.1,1.9,-2.5,47,30,24,34,40,41,32,38,35,33,40,61,2.9,6.1,11.7,16.1,19.8,22.1,23.2,19.6,14.1,7.4,3.1,2.2,153,63,19,3,0,0,0,0,0,3,36,111,0,6,45,115,261,361,471,468,306,117,19,3,684,503,417,287,158,60,14,17,103,306,484,631,0,0,0,1,9,32,83,83,20,0,0,0,2,5,14,22,29,30,31,31,29,25,11,4,29,10,2,1,0,0,0,0,0,0,8,29,0,0,40,68,108,127,144,121,71,32,12,0,0,0,16,34,68,87,111,83,36,0,0,0,73,73,66,63,60,61,58,59,62,70,77,77,4.63,2.24,-0.22,-1.7,-4.3,-6.28,-9.87,-9.04,-5.43,-0.9,2.85,5.77
124,124,49.039446,-125.581808,76,7,9,11.5,12.7,16.3,17.5,19.1,19.9,18.5,14.4,9.9,7.7,1.5,2.7,3.7,4.5,7.6,9.8,11.7,12.3,10.7,7.6,4.1,2.7,4.2,5.9,7.6,8.6,11.9,13.6,15.4,16.1,14.6,11,7,5.2,428,390,351,238,139,157,104,100,162,338,468,498,3.3,5.7,9.2,14.1,18.7,19.5,20.3,17.9,13.1,6.6,3.7,2.4,24,14,8,3,0,0,0,0,0,1,7,17,34,49,85,111,217,258,325,346,288,192,78,49,430,335,324,284,196,137,90,77,118,218,331,393,0,0,0,0,3,7,11,18,16,1,0,0,19,21,25,26,30,30,31,31,30,30,25,23,23,10,4,5,1,1,0,1,2,1,15,14,12,21,41,59,86,89,92,81,57,33,15,10,0,0,0,0,0,0,0,0,0,0,0,0,81,78,74,73,72,75,77,76,75,78,81,83,41.22,36.83,31.84,19.93,8.52,10.26,4.51,3.73,10.34,29.47,44.28,48
125,125,49.910841,-120.567787,1139,-2.2,2.3,7,11,16,19.7,23.5,23.7,19.1,11.3,2.8,-1.7,-11,-6.9,-3.6,-1.3,2.4,5.7,7.8,8.1,4.6,0.1,-5.1,-9.2,-6.6,-2.3,1.7,4.9,9.2,12.7,15.6,15.9,11.8,5.7,-1.2,-5.5,84,37,27,27,29,28,24,25,25,35,60,88,3.4,6.6,11.4,16.5,20.3,22.9,23.8,19.7,13.8,7.4,3.6,2.3,221,100,42,11,1,0,0,0,0,7,84,188,0,0,13,45,139,230,331,339,209,67,3,0,763,564,507,395,273,157,85,82,188,383,575,724,0,0,0,0,0,4,12,16,6,0,0,0,1,2,6,10,22,28,31,31,26,15,4,1,68,23,9,4,1,0,0,0,1,2,27,69,0,0,36,61,96,115,133,114,70,33,0,0,0,0,9,34,67,87,109,89,44,0,0,0,63,64,62,59,57,57,54,54,55,63,70,69,8.38,3.26,1.09,-0.52,-3.72,-5.93,-9.01,-9.05,-6.1,0.04,5.33,8.81
126,126,49.112186,-118.982557,901,-1.5,3.6,9.4,14.3,19.5,23.5,27.8,27.9,22.7,13.7,3.9,-0.7,-9.5,-5.9,-2.1,0.7,4.6,8.1,10.4,10.5,6.6,1.2,-3.5,-7.7,-5.5,-1.1,3.6,7.5,12,15.8,19.1,19.2,14.7,7.4,0.2,-4.2,37,26,22,27,46,43,22,37,21,22,36,50,3,6.4,11,15.7,19.5,21.8,23.4,19.5,13.5,7.1,3.2,1.9,191,79,25,4,0,0,0,0,0,4,59,153,0,3,34,94,223,323,438,441,291,101,10,0,728,532,447,316,193,86,22,24,116,328,535,684,0,0,0,0,5,19,58,63,16,0,0,0,1,3,9,17,27,30,31,31,28,19,6,2,27,12,3,1,0,0,0,0,0,0,12,34,0,0,42,73,112,134,156,134,82,38,13,0,0,0,20,45,66,91,134,96,61,16,0,0,66,64,61,57,55,55,50,50,52,60,72,71,3.67,1.91,-0.28,-2.37,-4.02,-6.69,-12.52,-11.06,-8.64,-2.52,2.68,4.9
127,127,49.539221,-119.624851,557,-0.1,4.1,10.6,15.3,20.5,24.6,28.1,27.9,22.3,14.2,5.6,1.2,-5.7,-2.3,1,3.4,7.2,10.9,13.5,13.7,9.6,4.4,-0.2,-3.8,-2.9,0.9,5.8,9.3,13.9,17.7,20.8,20.8,16,9.3,2.7,-1.3,34,20,18,27,35,31,22,32,23,21,26,38,2.3,5.4,10.3,15,18.6,20.8,22.2,18.3,12.6,6.4,2.5,1.5,126,50,13,2,0,0,0,0,0,2,28,86,1,10,63,136,279,382,490,489,330,146,25,6,650,476,379,261,142,48,10,12,86,271,459,594,0,0,0,2,11,42,98,99,26,0,0,0,4,8,18,24,30,30,31,31,29,26,14,6,17,5,1,0,0,0,0,0,0,0,4,13,0,16,42,72,112,133,149,125,75,36,12,0,0,0,24,45,77,102,126,93,52,15,0,0,77,76,68,62,59,59,58,59,61,68,79,80,3.13,1.04,-1.19,-2.98,-4.99,-7.67,-11.25,-9.95,-6.98,-2.86,1.34,3.34
128,128,49.252733,-115.237946,823,-1.8,3.9,9.5,14.8,20,24.3,29,29,22.7,13.8,4.1,-0.6,-10.2,-6,-1.8,1.3,5.1,8.9,11.4,10.8,6.5,1.3,-3,-7.8,-6,-1,3.9,8,12.5,16.6,20.2,19.9,14.6,7.6,0.5,-4.2,48,28,28,31,53,53,33,26,31,33,50,50,3.2,7.2,12,15.9,19.6,21.7,23.3,20.5,13.8,7.3,3.4,2.5,205,77,23,4,0,0,0,0,0,4,53,154,0,5,39,108,237,348,471,462,289,104,13,1,744,528,439,300,180,69,14,18,118,324,524,685,0,0,0,0,7,27,83,78,16,0,0,0,1,3,10,18,28,30,31,31,28,19,7,2,37,13,3,1,0,0,0,0,0,1,15,34,0,0,42,74,114,137,161,139,82,39,13,0,0,0,13,43,61,84,128,113,50,6,0,0,65,63,61,57,55,55,50,49,52,60,73,70,4.76,2.05,0.33,-2.33,-3.57,-6.16,-12.37,-13.17,-7.57,-1.56,4.01,4.93
129,129,49.237062,-121.962639,137,4.7,8.2,12.1,15.1,19.2,21.7,24.8,25.2,21.9,15.1,8.8,5.7,-0.7,2.1,3.8,5.4,8.7,11.2,13.2,13.5,11.1,7,3.2,1,2,5.2,7.9,10.2,14,16.5,19,19.4,16.5,11.1,6,3.4,236,172,155,126,90,78,53,53,84,188,279,270,3.4,6.4,10.5,15.6,19.6,22.2,23.7,19.6,13.5,6.9,3.7,2.5,42,17,7,2,0,0,0,0,0,1,9,28,18,44,99,156,282,343,434,445,346,194,63,30,499,355,314,234,139,72,24,23,75,215,360,451,0,0,2,3,11,25,55,66,31,2,1,0,13,19,25,27,30,30,31,31,30,29,23,18,28,6,1,1,0,0,0,0,0,0,13,17,11,20,43,68,100,112,126,110,71,35,14,9,0,0,0,0,10,35,74,57,0,0,0,0,81,79,72,69,67,68,65,65,67,74,81,84,22.55,15.22,11.91,7.33,2.15,-0.1,-4.47,-4.8,0.32,13.97,25.72,25.7
130,130,57.494627,-130.234653,874,-8.4,-2,3.3,6.8,13.7,17.7,20.1,18.7,13.4,5.9,-2.7,-6.7,-16.1,-11.5,-8,-4.1,0.5,4.2,6.6,6.1,3,-0.8,-9.8,-13.7,-12.2,-6.7,-2.3,1.3,7.1,11,13.4,12.4,8.2,2.5,-6.3,-10.2,62,58,44,16,28,48,67,57,65,94,63,77,1.8,4.2,9.5,15.4,19,19.5,18.7,15.2,9.6,4.4,2.2,1.1,382,205,111,38,2,0,0,0,1,25,202,318,0,0,0,9,85,180,260,230,109,28,0,0,936,689,632,500,338,212,142,176,294,481,728,870,0,0,1,0,0,2,4,3,2,1,2,0,0,0,1,4,16,26,30,30,23,12,1,0,61,55,38,10,3,1,1,1,6,25,55,75,0,0,0,41,79,99,106,80,41,15,0,0,0,0,0,25,52,51,38,24,0,0,0,0,66,61,57,61,57,58,59,61,66,76,70,69,6.2,5.84,3.9,0.11,-1.96,-2.7,-1.89,-2.08,1.87,7.98,6.27,7.7
131,131,55.960076,-120.565857,721,-8.9,-3.1,2.1,10.1,17,20.5,22.7,22.2,16.5,9.8,-2.2,-6.5,-18.7,-14.1,-9.2,-1.9,3.3,7.7,9.7,9,4.5,-0.4,-10.9,-15.6,-13.8,-8.6,-3.5,4.1,10.1,14.1,16.2,15.6,10.5,4.7,-6.6,-11,34,27,28,25,46,76,76,51,43,36,32,31,2.5,5.4,11,16,19.6,21.7,21,17.4,10.8,5.6,2.7,1.7,429,247,141,15,0,0,0,0,1,11,209,344,0,0,0,40,165,272,348,329,172,51,0,0,983,740,670,417,239,126,71,89,225,415,737,896,0,0,0,0,2,9,16,14,4,0,0,0,0,0,1,9,24,29,31,31,25,13,1,0,34,26,26,6,1,0,0,0,2,3,28,30,0,0,0,52,92,109,115,94,51,22,0,0,0,0,0,27,47,33,39,43,8,0,0,0,57,55,56,59,57,61,61,60,62,66,64,61,3.4,2.7,2.52,-0.25,-2.53,-0.93,-2.09,-4.43,-2.32,0.94,3.21,3.05
132,132,54.055609,-128.610851,268,-0.9,3.5,7.6,11.2,17.1,19.2,21.7,21.6,17,10.1,3.5,0.4,-5.7,-1.7,0.8,2,5.8,8.8,11.5,11.9,8.7,4.6,-0.4,-3.3,-3.3,0.9,4.2,6.6,11.4,14,16.6,16.7,12.9,7.3,1.5,-1.5,289,265,189,153,86,80,70,96,180,391,329,351,2.4,4.5,8.8,13,17.9,19.2,18.8,15.6,10.3,4.6,2.6,1.6,135,49,21,6,0,0,0,0,0,4,40,90,0,7,31,68,204,270,360,365,236,99,12,3,661,475,431,343,208,128,62,63,162,331,494,600,0,1,2,1,3,8,19,24,9,2,2,1,4,9,17,21,29,30,31,31,29,27,13,7,153,64,17,9,1,0,0,0,3,8,73,132,0,11,28,52,90,100,105,86,49,20,7,0,0,0,0,0,4,19,35,0,0,0,0,0,80,81,76,70,64,67,69,70,73,81,86,85,28.75,25.72,17.1,12.09,2.33,1.1,-0.86,1.9,12.35,36.54,32.05,34.78
133,133,54.59802,-128.399164,650,-2.5,1.9,5.7,9.3,15.4,17.8,20.2,19.9,15.4,8.4,1.9,-1.2,-8,-3.7,-1.6,0.1,3.8,6.6,9.3,9.8,6.7,2.4,-3.1,-6,-5.3,-0.9,2,4.7,9.6,12.2,14.7,14.9,11.1,5.4,-0.6,-3.6,154,144,83,70,48,60,52,66,106,208,175,193,2.7,4.8,9.2,13.5,18.3,19.7,19.5,16.1,10.4,4.8,2.9,1.8,186,75,38,12,0,0,0,0,0,8,73,138,0,0,10,37,150,216,299,303,187,62,1,0,722,525,497,399,261,175,108,105,206,391,559,666,1,1,2,0,0,4,7,10,4,1,3,1,2,5,10,14,26,29,31,31,28,22,7,3,110,63,23,12,2,0,0,1,4,12,71,118,0,0,26,48,85,97,102,82,46,19,0,0,0,0,0,0,37,36,50,16,0,0,0,0,77,78,73,69,63,65,66,69,72,79,80,80,15.37,13.85,7,4.54,-1.07,-0.79,-2.57,-0.86,5.15,18.61,16.9,19.13
134,134,49.607787,-117.121612,1204,-2.3,1.8,6.7,11.5,16.6,20.3,24.3,24.8,19.1,10.2,2.3,-1.2,-7.6,-4.4,-1.8,1.1,5.1,8.8,12.1,12.1,8.3,2.5,-2.3,-5.9,-4.9,-1.3,2.5,6.3,10.9,14.6,18.2,18.4,13.7,6.3,0,-3.5,130,74,86,79,67,70,45,54,50,100,149,148,2.9,6.8,11.7,15.6,19.1,21,22.5,19.7,13.7,7.4,3.2,1.7,177,81,34,7,0,0,0,0,0,6,62,136,0,2,21,69,187,287,411,416,261,78,8,1,712,536,483,351,222,115,33,34,141,363,540,664,0,0,0,0,2,11,40,47,12,0,0,0,2,4,10,18,28,30,31,31,29,22,9,3,89,36,19,6,1,0,0,0,1,3,52,89,0,0,34,60,94,111,127,111,64,28,0,0,0,0,0,0,27,41,81,57,14,0,0,0,78,76,70,66,63,65,63,62,66,74,82,80,13.04,6.86,6.97,4.21,-0.15,-1.5,-6.41,-5.97,-2.75,6.97,14.27,14.64
135,135,49.761131,-117.159794,2076,-6,-2.8,1.1,4.8,10,13.5,17.3,18.1,13.1,4.8,-2.7,-5.1,-11.2,-8.2,-6.2,-3.1,0.9,4.8,8.9,8.8,4.8,-1,-7.2,-10.4,-8.6,-5.5,-2.5,0.9,5.4,9.1,13.1,13.4,9,1.9,-4.9,-7.8,168,101,129,129,92,94,61,76,67,156,223,237,4.5,7.8,12.5,16.6,20.2,22.3,23.8,21.1,14.8,8.3,4.6,3.6,269,174,116,44,5,1,0,0,1,32,174,251,0,0,0,10,52,128,253,264,128,23,0,0,825,654,639,514,391,266,148,143,272,502,688,795,0,0,0,0,0,0,3,5,2,0,1,0,1,1,2,6,17,27,31,31,26,12,2,1,152,90,113,87,23,4,1,1,5,54,177,216,0,0,0,40,68,81,90,82,48,20,0,0,0,0,0,0,0,0,29,6,0,0,0,0,77,77,70,71,69,71,73,70,73,79,81,77,16.83,10.12,12.5,11.66,6.06,4.07,-0.82,-0.02,1.75,14.34,22.28,23.66
136,136,48.646892,-123.735433,420,4,6.4,9.5,12.5,16.9,19.8,23.1,23.8,20,13.3,7.2,4.7,-1,0.4,1.8,3.1,6.2,8.9,11.2,11.7,9.7,5.8,1.9,0.5,1.5,3.4,5.7,7.8,11.5,14.4,17.2,17.7,14.9,9.6,4.6,2.6,281,222,179,97,47,44,26,29,49,156,300,333,4.2,7.1,10.4,15.4,19.4,21.1,22.1,19.4,14.8,7.8,4.6,3.1,48,27,14,4,0,0,0,0,0,2,15,34,13,22,52,94,206,280,378,395,297,154,40,21,514,405,384,307,207,120,51,45,111,262,404,474,0,0,0,0,2,10,25,36,18,0,0,0,12,15,20,23,29,30,31,31,29,28,20,16,40,18,7,3,1,0,0,0,0,1,24,29,11,18,38,62,94,108,122,108,67,33,14,9,0,0,0,0,46,64,96,79,18,0,0,0,82,79,74,69,66,66,64,64,68,75,82,85,27.15,20.71,15.45,5.79,-1.47,-3.01,-6.62,-6.79,-2.5,11.34,28.26,32.21
137,137,49.373492,-116.81093,857,-1.6,2.5,7.8,12.7,17.7,21.4,25.6,25.9,20,11.4,3.5,-0.2,-6.8,-3.6,-0.8,2.2,6,9.6,12.5,12.5,8.4,3.1,-1.3,-5,-4.2,-0.6,3.5,7.5,11.8,15.5,19,19.2,14.2,7.2,1.1,-2.6,118,66,74,67,72,76,45,47,45,79,126,123,1.5,4.6,9.2,13.4,17.2,19.1,20.5,17.1,10.2,4.3,1.4,0.8,157,69,26,4,0,0,0,0,0,4,45,114,0,4,31,92,214,314,434,440,278,97,14,3,688,515,452,317,198,93,24,25,127,334,507,635,0,0,0,0,4,17,55,62,14,0,0,0,3,5,12,21,29,30,31,31,29,24,11,4,73,26,10,3,1,0,0,0,1,2,32,62,0,0,36,64,99,116,134,117,68,31,11,0,0,0,0,0,27,41,90,70,23,0,0,0,78,76,70,65,63,64,61,60,64,72,82,80,11.74,5.92,5.49,2.45,0.05,-1.29,-7.13,-7.25,-3.56,4.38,11.74,12.07
138,138,53.213631,-131.825065,99,4.4,6.4,8.3,9.9,13.2,15.4,18,18.8,16.7,11.8,7.3,5.5,0.3,1.5,2.2,2.9,5.8,8.3,11,11.6,9.7,6.2,2.7,1.8,2.3,4,5.3,6.4,9.5,11.8,14.5,15.2,13.2,9,5,3.7,276,245,243,190,82,70,53,70,133,379,319,342,2.5,4.8,8.8,14.1,18.5,19.4,18.1,15.7,11.4,6,3.1,1.7,39,23,16,7,1,0,0,0,0,2,13,26,16,24,38,61,148,206,292,317,247,139,42,29,489,389,397,349,264,186,115,98,154,280,390,442,0,0,2,1,1,3,6,12,10,2,2,1,16,18,21,23,29,30,31,31,29,29,22,20,30,16,12,13,3,1,0,1,2,3,21,19,7,13,29,46,69,77,83,72,46,23,9,6,0,0,0,0,0,8,30,2,0,0,0,0,85,83,79,76,76,77,78,77,77,81,84,87,26.68,23.06,22.27,16.43,4.17,2.27,-0.1,1.24,8.26,34.64,30.29,32.97
139,139,50.766501,-120.467213,706,-2.3,2.8,9.6,14.8,20.5,24.2,27.4,27.3,21.4,13.1,3.9,-0.9,-10,-5.3,-1,1.9,6.5,10.1,11.9,11.8,7.9,2.5,-2.9,-7.5,-6.2,-1.2,4.3,8.3,13.5,17.2,19.7,19.5,14.6,7.8,0.5,-4.2,39,17,13,23,27,31,28,30,27,22,27,43,3.3,6.3,11.3,16,19.7,22,22.7,19,13.5,7.3,3.6,2.4,210,80,21,3,0,0,0,0,0,3,54,153,0,3,42,113,267,364,456,450,290,108,12,0,750,534,428,291,153,58,17,21,116,318,525,685,0,0,0,0,10,34,71,70,16,0,0,0,1,3,12,20,29,30,31,31,29,22,8,2,31,8,1,1,0,0,0,0,0,0,8,29,0,0,39,71,112,131,147,124,72,33,11,0,0,0,27,48,85,100,119,94,44,11,0,0,67,69,64,59,57,58,55,55,59,65,75,73,3.93,1.08,-1.26,-3.1,-6.11,-7.74,-10.7,-10.34,-6.36,-2.09,1.83,4.25
140,140,51.858613,-121.63709,910,-3.4,2.3,8,12.4,18.5,21.7,24.9,24.5,19.5,11.9,2.7,-2.4,-13,-8.5,-4,-0.8,3.3,6.9,8.8,8.4,4.8,0.4,-5.4,-10.4,-8.2,-3.1,2,5.8,10.9,14.3,16.9,16.5,12.2,6.1,-1.4,-6.4,43,25,20,29,33,48,45,45,36,35,38,48,3.2,5.9,11.1,15.6,19.1,21.6,22.3,18.6,12.6,6.6,3.3,2.3,261,117,39,8,0,0,0,0,0,6,88,215,0,0,17,60,188,278,368,356,218,75,4,0,813,587,498,367,221,121,56,69,180,369,580,753,0,0,0,0,3,10,22,21,7,0,0,0,0,1,5,12,24,29,31,31,26,16,4,1,38,18,6,3,1,0,0,0,1,1,18,41,0,0,36,64,105,123,136,114,67,31,0,0,0,0,17,34,72,74,92,69,31,0,0,0,60,58,58,57,53,55,53,53,55,62,68,66,4.31,2.18,0.08,-0.99,-4.89,-5.04,-7.65,-7.43,-5.06,-0.18,3.21,4.85
141,141,50.480227,-120.477939,1340,-2.2,1.5,5.7,9.4,14.9,18.6,22,22.1,17,9.9,1.5,-1.7,-12.7,-9.1,-4.8,-1.8,2.4,5.8,8.1,7.8,4.2,-0.8,-6.6,-10.7,-7.5,-3.8,0.4,3.8,8.7,12.2,15.1,14.9,10.6,4.5,-2.6,-6.2,47,32,19,29,35,37,38,36,36,34,40,59,3.7,6.7,11.9,16.6,20.3,22.8,23.5,19.6,14.1,7.9,3.9,2.7,243,132,59,16,1,0,0,0,1,12,116,209,0,0,5,32,124,216,313,305,174,49,0,0,790,606,547,426,290,175,99,104,223,419,617,746,0,0,0,0,0,4,9,10,4,0,1,0,0,1,4,9,22,28,31,31,25,12,3,1,40,25,10,8,2,0,0,0,1,3,24,49,0,0,33,55,90,108,122,105,62,30,0,0,0,0,13,26,55,70,84,68,26,0,0,0,57,58,61,62,60,60,58,57,60,64,68,62,4.66,2.99,0.69,0.26,-2.44,-4.41,-6.45,-6.76,-3.81,0.52,3.67,5.88
142,142,54.385362,-128.523169,346,-1.4,3.2,7.5,10.7,16.9,19.2,21.5,21.5,16.8,9.6,3.2,-0.1,-6.4,-2.3,0.2,1.5,5.2,8.2,11,11.3,8.2,3.9,-1.1,-4.2,-3.9,0.5,3.9,6.1,11.1,13.7,16.2,16.4,12.5,6.7,1,-2.1,212,220,126,99,58,59,62,67,133,272,254,284,2.3,4.5,8.9,13.2,18,19.3,19,15.7,10.2,4.6,2.5,1.4,149,55,23,7,0,0,0,0,0,5,46,104,0,5,27,59,193,260,349,354,227,86,9,2,679,487,441,358,218,135,70,71,171,350,509,621,0,1,2,1,3,7,16,20,8,2,2,1,3,8,16,19,28,30,31,31,29,25,12,5,125,63,14,8,1,0,0,0,3,7,66,128,0,11,28,51,90,101,106,87,48,20,7,0,0,0,0,0,32,42,44,19,0,0,0,0,79,79,75,69,63,66,68,69,72,81,84,83,21.08,21.28,10.85,6.97,-0.63,-1.24,-1.83,-1.17,7.67,24.76,24.66,28.14
143,143,48.613668,-123.458477,67,6.7,9.1,12.1,14.4,18.3,21,23.8,24.1,20.8,14.8,9.9,7.6,1.3,3,4.2,5.3,8.1,10.5,12.4,12.7,10.9,7.3,4.1,2.9,4,6,8.2,9.8,13.2,15.7,18.1,18.4,15.8,11,7,5.2,145,107,82,48,31,31,18,24,32,85,162,167,0.1,3.1,6.4,11.5,15.4,17.2,17.9,15,10.1,3.6,0.5,2.9,26,13,7,2,0,0,0,0,0,1,7,17,34,55,100,144,259,321,407,416,326,193,79,51,438,331,307,246,161,88,35,34,89,216,332,394,0,0,1,2,7,19,38,47,25,1,0,0,19,21,26,27,30,30,31,31,30,30,25,23,8,3,1,0,0,0,0,0,0,0,5,5,13,21,43,65,97,111,123,107,68,35,16,10,0,0,0,17,66,80,105,83,36,0,0,0,81,79,74,71,68,68,66,66,69,75,80,84,13.04,8.51,4.73,0.01,-3.31,-4.4,-7.26,-6.92,-4.13,3.87,13.71,14.97
144,144,59.425333,-126.102615,690,-13.6,-5.9,-0.2,7.4,15.7,20.2,22.5,21.2,15.5,6.3,-6.3,-11.3,-22.1,-16.8,-13,-4.8,1.3,6.7,9.2,7.6,3.3,-2,-14.5,-19.4,-17.9,-11.4,-6.6,1.3,8.5,13.4,15.9,14.4,9.4,2.1,-10.4,-15.3,39,35,25,25,67,95,82,51,37,44,35,37,1.5,3.9,9.6,15.2,18.7,19.2,18.9,15.1,8.9,4,1.8,0.8,555,321,223,38,1,0,0,0,1,29,311,476,1,0,0,18,119,253,338,291,139,25,0,1,1110,818,765,500,295,141,79,116,260,493,851,1029,0,0,0,0,0,6,13,8,2,0,0,0,0,0,0,3,18,29,31,30,23,9,0,0,39,35,25,15,4,0,0,1,2,14,34,37,0,0,0,42,85,106,111,86,44,15,0,0,0,0,0,17,18,11,29,35,6,0,0,0,61,54,49,57,55,59,60,59,61,70,65,63,3.93,3.48,2.53,0.93,0.67,0.97,-1.48,-3.97,-2.2,2.97,3.52,3.67
145,145,49.315809,-124.554858,180,4.4,6.9,10.2,12.8,17.4,20.1,22.9,23.3,19.5,13.2,7.5,5.1,-0.6,0.9,2.2,3.5,7,9.9,12,12.3,9.8,5.9,2.1,0.8,1.9,3.9,6.2,8.2,12.2,15,17.5,17.8,14.6,9.5,4.8,3,203,172,139,80,44,46,28,33,50,156,233,244,3.3,5.5,9.1,14.2,19.2,20.6,21.4,18.2,12.7,6.2,3.5,2.4,44,23,12,3,0,0,0,0,0,2,14,31,15,27,60,103,228,300,387,398,290,153,43,24,503,391,368,295,189,104,45,43,116,263,396,463,0,0,0,0,4,13,29,37,16,0,0,0,13,16,22,24,30,30,31,31,30,28,20,17,26,11,4,2,0,0,0,0,1,1,17,18,10,18,39,62,94,106,118,102,63,32,13,9,0,0,0,0,49,60,89,69,13,0,0,0,82,79,73,69,67,68,67,67,70,76,81,85,19.34,15.66,11.22,4.01,-1.73,-2.59,-5.83,-5.57,-1.75,11.58,21.53,23.23
146,146,49.508754,-116.786321,868,-1.3,2.8,8,13,18.2,21.9,26,26.3,20.4,11.6,3.8,0.1,-6.4,-3.2,-0.5,2.5,6.3,9.9,12.7,12.8,8.7,3.4,-0.9,-4.7,-3.8,-0.2,3.8,7.7,12.2,15.9,19.3,19.5,14.5,7.5,1.5,-2.3,103,58,60,58,56,59,37,43,42,66,110,112,2.2,5.9,10.5,14.6,18.4,20.4,21.8,18.8,12.2,6,2.4,1.6,148,64,24,4,0,0,0,0,0,4,41,107,0,6,34,98,228,327,445,450,287,103,16,3,678,506,443,309,189,84,20,21,119,326,496,626,0,0,0,0,5,20,63,70,16,0,0,0,3,6,13,22,29,30,31,31,29,24,12,5,60,21,7,2,0,0,0,0,0,1,25,52,0,0,36,64,100,118,136,118,69,31,11,0,0,0,0,6,44,59,100,75,27,0,0,0,79,77,71,65,63,63,61,60,64,73,83,80,10.19,5.07,3.99,1.4,-1.74,-3.23,-8.26,-7.87,-4.07,3.01,10.1,10.91
147,147,50.050991,-125.447358,222,3.2,6,9.5,12.9,18.1,20.7,23.6,24,19.6,12.8,6.8,4,-1.3,0.6,1.9,3.4,6.9,9.4,11.6,11.9,9.2,5.6,1.9,0.2,1,3.3,5.7,8.2,12.5,15.1,17.6,17.9,14.4,9.2,4.3,2.1,194,164,134,83,58,69,44,46,64,179,233,238,3.5,5.6,9.2,13.8,18.8,20.2,21,18.3,13,6.3,3.6,2.5,55,27,14,3,0,0,0,0,0,2,16,39,10,22,53,103,237,302,391,401,284,144,37,17,530,408,382,296,180,103,43,41,122,273,410,491,0,0,0,0,5,14,30,39,15,0,1,0,12,15,21,24,30,30,31,31,29,28,20,15,33,14,5,2,0,0,0,0,1,1,20,26,9,16,36,61,98,112,123,106,64,30,12,7,0,0,0,0,39,43,79,60,0,0,0,0,83,81,74,69,65,65,64,64,68,76,83,87,18.69,15.03,10.94,4.26,-0.84,-0.93,-4.96,-4.98,-0.64,14.02,21.78,22.89
148,148,50.455137,-118.734168,898,-2.5,2.1,7.9,12.6,18.1,21.7,25.4,25.7,20.1,10.7,2.8,-1.3,-9.2,-5.7,-2.2,1,5.2,8.8,11.1,11.2,7.5,2.3,-2.9,-7.1,-5.8,-1.8,2.8,6.8,11.7,15.3,18.3,18.4,13.8,6.5,0,-4.2,81,49,43,55,58,61,51,49,57,62,68,86,2.5,5.6,10.7,15.2,19,20.7,22,18.5,12.7,6.4,2.7,1.6,201,90,31,6,0,0,0,0,0,5,63,154,0,1,24,79,209,307,412,416,264,81,8,0,740,550,472,337,203,99,32,34,139,358,541,685,0,0,0,0,4,15,41,47,12,0,0,0,1,3,9,17,28,30,31,31,29,21,8,2,62,27,8,3,1,0,0,0,1,2,24,58,0,0,36,64,101,119,136,117,68,29,0,0,0,0,0,9,43,58,85,68,11,0,0,0,71,69,64,62,60,61,58,57,61,72,78,75,8.13,4.42,2.36,1.34,-1.71,-3.19,-6.83,-7.28,-2.71,2.99,6.03,8.54
149,149,49.286844,-124.664966,696,2,4.4,7.4,10.7,15.1,17.7,21.2,22,18.6,11.5,5.1,3,-2.4,-1.2,0.2,1.6,5.3,8.1,10.5,11.1,9.1,4.9,0.3,-1,-0.2,1.6,3.8,6.2,10.2,12.9,15.9,16.5,13.8,8.2,2.7,1,351,292,246,147,70,66,38,46,75,281,404,413,3.3,5.6,9.5,14.6,19.6,21.1,22,18.9,13.6,6.6,3.4,2.4,72,41,24,7,0,0,0,0,0,3,28,51,4,9,26,62,169,236,338,358,266,118,19,10,566,454,442,355,237,152,79,68,137,305,459,524,0,0,0,0,0,5,13,21,12,0,0,0,9,10,15,19,28,30,31,31,29,27,15,12,87,52,28,11,2,0,0,0,1,3,62,68,0,16,33,56,85,97,111,98,61,29,11,7,0,0,0,0,15,30,73,51,0,0,0,0,83,80,75,70,68,69,67,67,70,78,83,85,34.53,28.16,22.76,11.56,1.4,0.17,-4.45,-4.01,0.79,24.73,39.26,40.57
150,150,50.20903,-125.216086,136,4,6.8,10.3,13.3,18.4,20.9,23.6,24,19.8,13.1,7.6,4.8,-0.6,1.4,2.6,4.2,7.7,10.2,12.2,12.4,9.8,6.1,2.4,0.7,1.7,4.1,6.5,8.7,13.1,15.6,17.9,18.2,14.8,9.6,5,2.7,221,183,153,108,72,85,55,57,86,204,263,268,3.4,5.6,9.3,13.7,18.7,20.2,21,18.2,12.9,6.3,3.5,2.4,46,22,11,3,0,0,0,0,0,2,13,33,14,29,65,116,254,316,400,409,295,155,45,23,508,386,360,279,165,92,38,38,113,261,391,470,0,0,1,1,7,17,35,43,17,0,1,0,13,17,23,26,30,30,31,31,30,29,21,17,29,11,3,2,0,0,0,0,1,1,18,22,9,17,38,61,97,110,121,104,63,30,12,8,0,0,0,0,25,25,66,47,0,0,0,0,84,81,74,70,66,67,65,65,69,77,82,86,21.23,16.77,12.59,6.63,0.65,0.87,-3.63,-3.64,1.67,16.45,24.58,25.75
151,151,50.066029,-124.983772,34,5.4,8.1,11.4,14.3,19.1,21.8,24.4,24.7,20.3,14,8.7,6.2,-0.1,1.8,3.1,4.6,8,10.6,12.6,12.8,9.9,6.3,2.8,1.5,2.7,4.9,7.3,9.4,13.6,16.2,18.5,18.7,15.1,10.1,5.7,3.8,176,140,120,76,55,62,42,44,64,157,209,210,3.1,5.5,9.2,13.9,18.7,20.1,20.9,18.1,12.7,6.1,3.4,2.3,36,18,9,2,0,0,0,0,0,1,10,25,22,40,81,133,269,335,420,426,305,169,57,34,478,361,335,258,151,78,29,30,105,245,368,437,0,0,1,2,9,23,46,53,19,1,2,0,15,18,24,26,30,30,31,31,30,29,22,19,17,6,2,1,0,0,0,0,1,1,11,11,11,19,40,65,101,114,125,107,65,32,14,9,0,0,0,0,46,52,83,64,1,0,0,0,81,78,72,68,65,66,65,64,68,75,80,83,16.44,12.13,8.81,2.85,-1.39,-1.79,-5.36,-5.33,-0.77,11.33,18.8,19.62
152,152,49.372127,-126.309471,143,6.9,8.5,10.9,12.1,15.5,16.9,18.8,19.4,18.3,14.2,9.6,7.6,1.4,2.5,3.6,4.4,7.4,9.6,11.5,12.2,10.5,7.5,3.9,2.4,4.1,5.5,7.3,8.3,11.4,13.3,15.1,15.8,14.4,10.8,6.8,5,424,398,345,254,134,151,98,85,154,361,489,515,3.5,5.8,9.2,13.7,18.7,19.5,20,17.9,13.2,6.8,3.8,2.5,25,15,9,3,0,0,0,0,0,1,7,18,33,43,77,103,203,247,315,336,284,188,73,45,433,346,335,293,209,145,98,84,122,222,337,399,0,0,0,0,2,6,9,15,15,1,0,0,19,20,25,26,30,30,31,31,30,30,24,22,23,12,5,6,2,1,1,1,2,1,17,16,12,19,39,56,81,85,90,77,56,32,15,10,0,0,0,0,0,0,0,0,0,0,0,0,81,79,76,74,74,77,77,78,75,78,81,82,40.81,37.8,31.51,21.85,8.44,9.91,4.03,2.51,9.6,31.83,46.51,49.73
153,153,50.723315,-119.033898,783,-2.5,2.1,8.1,13.1,19,22.4,25.9,26,20.2,11.2,3.1,-1.2,-8.8,-5.3,-1.9,1.5,5.8,9.5,11.9,12,8.1,2.8,-2.5,-6.6,-5.6,-1.6,3.1,7.3,12.4,15.9,18.9,19,14.2,7,0.3,-3.9,89,49,40,48,53,52,48,46,58,60,72,103,2.2,5,9.9,14.5,18.1,19.9,21,17.5,11.7,5.8,2.3,1.5,195,87,29,5,0,0,0,0,0,5,57,146,0,2,27,90,234,328,431,434,276,91,10,1,733,545,463,320,184,83,25,27,129,343,530,675,0,0,0,0,6,20,53,58,14,0,0,0,1,3,9,19,29,30,31,31,29,23,8,3,66,26,7,2,0,0,0,0,1,1,23,66,0,0,36,65,105,121,137,116,67,29,10,0,0,0,0,17,52,69,90,71,9,0,0,0,73,71,65,62,59,61,59,59,63,72,79,77,8.9,4.38,2.02,0.39,-2.67,-4.36,-7.32,-7.56,-2.42,2.63,6.47,10.19
154,154,50.832754,-121.69299,1327,-4.7,0.1,5.2,9.5,15.1,18.5,22,22,17,9.6,0.6,-3.8,-11.7,-8.1,-4.7,-1.8,2.6,6.2,8.7,8.9,5.2,-0.2,-6.1,-10,-8.2,-4,0.2,3.9,8.8,12.3,15.4,15.5,11.1,4.7,-2.8,-6.9,59,27,25,30,33,36,33,40,35,34,48,56,3.4,5.9,10.7,15.9,19.6,22.7,23.3,19,12.8,6.6,3.5,2.6,259,138,62,16,1,0,0,0,0,11,120,228,0,0,5,33,129,221,322,325,189,52,0,0,811,612,553,424,284,171,92,92,205,414,622,768,0,0,0,0,0,4,10,13,5,0,0,0,1,1,4,9,22,29,31,31,26,14,3,1,53,21,14,8,2,0,0,0,1,3,30,49,0,0,31,55,90,106,120,101,60,28,0,0,0,0,6,25,57,70,87,61,24,0,0,0,70,66,64,61,60,62,60,60,63,67,72,73,5.91,2.58,1.36,0.38,-2.73,-4.33,-6.69,-5.95,-3.66,0.61,4.49,5.63
155,155,51.148523,-118.201857,1297,-4.9,-0.4,4.4,9.1,15.4,18.8,22.4,22.2,16.3,7.1,-0.7,-4,-10.7,-7.2,-4.3,-0.7,3.4,6.8,9.7,9.6,6.1,0.8,-5,-9.1,-7.8,-3.8,0.1,4.2,9.4,12.8,16.1,15.9,11.2,4,-2.9,-6.6,203,119,92,83,70,72,75,70,86,145,167,213,3.2,6.3,11.4,15.5,18.9,20.4,21.3,18.3,12.3,6.6,3.4,2.2,251,133,64,14,1,0,0,0,0,15,124,219,0,0,5,38,144,234,344,337,190,42,0,0,800,607,557,414,267,154,74,83,204,436,626,758,0,0,0,0,0,5,15,16,5,0,1,0,1,2,5,12,25,29,31,31,27,17,4,1,178,92,53,18,3,0,0,0,3,19,105,183,0,0,29,52,89,106,120,100,55,22,0,0,0,0,0,0,20,34,44,30,0,0,0,0,75,72,67,66,62,63,61,62,67,78,82,78,20.34,11.74,8.24,5.76,0.72,-0.82,-2.56,-2.92,2.14,12.62,16.42,21.33
156,156,50.521234,-120.460035,1275,-2.3,1.6,6,10,15.5,19.2,22.6,22.6,17.3,10.1,1.5,-1.7,-12.4,-8.7,-4.4,-1.3,2.9,6.4,8.6,8.3,4.5,-0.6,-6.4,-10.4,-7.4,-3.6,0.8,4.3,9.2,12.8,15.6,15.5,10.9,4.8,-2.4,-6,45,30,19,29,33,36,37,36,35,32,38,54,3.5,6.6,11.9,16.6,20.3,22.7,23.4,19.6,14.1,7.8,3.8,2.6,240,127,54,14,1,0,0,0,0,11,113,204,0,0,8,38,140,233,330,325,183,53,0,0,787,600,536,410,272,154,86,92,214,411,613,742,0,0,0,0,0,5,11,13,4,0,1,0,0,1,4,10,23,29,31,31,25,13,3,1,38,22,9,6,1,0,0,0,1,3,22,45,0,0,33,57,92,110,125,106,62,30,0,0,0,0,14,28,59,74,88,70,27,0,0,0,58,59,62,61,60,60,58,57,60,64,69,64,4.49,2.7,0.57,0.01,-3.03,-4.77,-6.87,-7,-3.98,0.28,3.4,5.44
157,157,50.134363,-117.806289,1298,-3.9,0.3,5.5,10.2,15.4,19,23,22.6,17.2,8.3,0,-3.2,-9.6,-6.7,-3.8,-0.7,3.4,7.1,10.3,10.3,6.7,1.1,-4.5,-8,-6.8,-3.2,0.8,4.8,9.4,13,16.7,16.5,12,4.7,-2.2,-5.6,140,83,81,69,68,78,60,59,59,112,128,152,1.9,4.9,9.6,14,18.1,19.9,21.1,17.4,10.8,4.9,1.8,1.4,226,119,53,12,1,0,0,0,0,11,108,192,0,0,9,45,145,240,362,356,212,52,1,0,769,590,534,397,267,149,61,69,185,413,607,728,0,0,0,0,0,5,19,21,6,0,1,0,1,2,5,12,25,29,31,31,28,18,5,2,115,59,37,11,2,0,0,0,2,10,73,121,0,0,32,57,90,107,123,102,59,25,0,0,0,0,0,0,23,29,63,43,0,0,0,0,75,72,66,63,62,63,62,63,67,75,81,79,13.99,8.08,6.87,3.86,0.52,-0.27,-4.38,-4.13,-1.08,8.9,12.49,15.22
158,158,56.087022,-129.306531,387,-3.9,0.3,5.9,10.3,17.3,20.6,23,22,16.3,7.8,0.6,-3.2,-10.3,-5.7,-1.9,0.1,3.8,7,9.5,9.3,5.8,2.3,-3.4,-7.8,-7.1,-2.7,2,5.2,10.5,13.8,16.2,15.7,11,5.1,-1.4,-5.5,76,65,45,31,48,64,58,70,102,126,85,85,2.3,4.8,9.8,15,19.1,20.3,19.5,16,10.3,4.7,2.7,1.5,234,108,39,10,0,0,0,0,0,10,90,188,0,0,12,46,178,264,350,332,187,57,1,0,779,576,498,384,230,132,70,87,206,402,582,724,0,0,2,1,2,8,16,15,4,2,2,1,1,3,9,15,25,29,31,31,27,22,7,2,64,43,13,4,1,0,0,1,4,9,41,67,0,0,25,50,93,111,118,92,48,17,0,0,0,0,0,19,45,47,60,22,0,0,0,0,73,75,72,66,58,58,59,61,67,81,84,80,7.58,6.26,3.14,0.28,-2.11,-2.05,-3.91,-1.97,4.24,10.77,8.1,8.52
159,159,49.847314,-125.096238,58,5.3,8,11.3,14.2,19,21.6,24.3,24.7,20.2,14,8.7,6.2,-0.5,1.3,2.6,4,7.5,10.1,12.1,12.2,9.4,5.7,2.3,1,2.4,4.7,7,9.1,13.2,15.9,18.2,18.4,14.8,9.8,5.5,3.6,200,166,142,75,50,54,40,38,57,152,241,240,3.2,5.5,9.2,14.1,18.9,20.2,20.9,17.9,12.6,6.2,3.4,2.3,38,19,9,2,0,0,0,0,0,1,11,26,19,36,75,124,258,325,409,417,295,161,53,31,487,370,344,269,161,85,34,34,113,254,375,443,0,0,1,1,7,20,39,47,17,0,1,0,14,17,23,25,30,30,31,31,29,28,21,18,21,8,2,1,0,0,0,0,1,1,13,14,11,19,41,66,102,115,126,109,66,33,14,9,0,0,0,0,52,61,86,71,9,0,0,0,79,77,71,67,64,65,64,63,66,73,78,82,18.83,14.76,11.03,2.84,-1.95,-2.64,-5.64,-6.08,-1.58,10.71,21.96,22.62
160,160,49.950756,-125.004666,-113,5.8,8.5,11.5,14.8,19.1,21.7,24.3,24.8,20.2,14.2,9.7,6.7,-0.8,1.2,2.4,4.2,7.8,10.5,12.3,12.4,9.4,5.9,2.4,0.7,2.5,4.9,6.9,9.5,13.5,16.1,18.3,18.6,14.8,10,6.1,3.7,173,141,120,70,50,55,38,39,57,146,207,209,-9999,-9999,-9999,-9999,-9999,-9999,-9999,-9999,-9999,-9999,-9999,-9999,37,18,10,2,0,0,0,0,0,1,9,26,21,38,74,135,266,331,412,422,296,166,63,32,482,364,345,256,153,80,32,32,112,248,358,441,0,0,1,2,8,21,41,50,17,0,2,0,13,17,22,26,30,30,31,31,29,28,21,17,17,6,2,1,0,0,0,0,1,1,9,12,12,20,42,68,101,114,126,109,66,33,16,10,0,0,0,0,51,59,88,70,9,0,0,0,77,75,70,66,65,66,64,63,67,73,75,79,16.05,12.13,8.83,2,-1.82,-2.36,-5.61,-5.82,-1.43,10.07,18.31,19.42
161,161,55.809552,-121.699447,857,-7.5,-2.3,2.3,9.2,15.6,19.3,21.6,21.4,15.7,9.1,-1.3,-5.7,-16.3,-12.1,-8.2,-2.4,2.5,7,9.2,8.9,4.4,-0.1,-9.3,-13.6,-11.9,-7.2,-3,3.4,9.1,13.2,15.4,15.1,10.1,4.5,-5.3,-9.6,56,46,47,33,51,79,73,47,49,58,61,53,2.2,4.9,10.5,15.7,19.5,21.5,20.7,17.4,10.7,5.3,2.5,1.6,372,216,127,19,1,0,0,0,1,12,182,297,0,0,0,29,135,245,325,315,159,49,0,0,927,702,652,439,278,146,90,99,239,419,699,853,0,0,1,0,0,6,11,11,3,0,1,0,0,0,1,7,22,29,31,31,25,15,1,0,54,43,42,10,2,0,0,0,2,6,50,51,0,0,0,49,87,104,110,90,49,21,0,0,0,0,0,16,36,25,37,43,0,0,0,0,62,59,59,60,59,62,62,62,64,69,67,66,5.57,4.57,4.31,0.97,-0.98,-0.09,-1.75,-4.3,-1.29,3.4,6.14,5.34
162,162,51.330376,-119.360254,1191,-4.1,0.6,5.5,10,16.2,20,23.6,23.5,17.7,8.7,0.8,-2.9,-10.9,-7.3,-4,-0.2,4.3,8.1,10.7,10.9,7.1,1.3,-4.5,-8.4,-7.5,-3.4,0.7,4.9,10.3,14,17.1,17.2,12.4,5,-1.8,-5.7,145,81,64,53,61,55,63,54,64,110,118,160,2.2,4.6,9.8,14.5,18.3,20,20.6,17.2,10.8,4.9,2.2,1.7,243,123,54,11,0,0,0,0,0,10,99,194,0,0,9,47,169,271,377,378,225,56,2,0,790,594,537,392,236,127,51,55,174,404,595,731,0,0,0,0,2,9,25,28,7,0,1,0,1,2,5,14,26,30,31,31,28,19,5,1,124,59,30,8,1,0,0,0,1,8,62,128,0,0,31,54,92,109,124,104,58,24,0,0,0,0,0,2,31,54,61,49,0,0,0,0,71,68,65,66,62,63,62,62,66,75,79,76,14.46,7.91,5.17,2.35,-0.7,-2.93,-4.37,-5.1,-0.7,8.58,11.35,15.96
163,163,50.503149,-118.249203,1933,-5.6,-2.1,1.9,5.6,10.9,14,17.7,18.5,13.7,4.9,-2.7,-5.2,-12.2,-9.8,-7.2,-3.8,0.4,3.8,7,8.1,4.6,-1.7,-8,-11.1,-8.9,-5.9,-2.6,0.9,5.7,8.9,12.4,13.3,9.1,1.6,-5.3,-8.2,168,102,101,96,107,110,89,88,88,135,155,177,2.8,5.2,10,14.9,19.1,21,22,18,11.3,5.1,2.5,2.1,276,185,119,44,4,1,0,0,1,35,183,262,0,0,0,9,56,121,229,259,132,22,0,0,834,666,642,514,383,274,175,147,267,510,699,807,0,0,0,0,0,0,2,5,2,0,1,0,1,1,2,5,16,26,31,31,26,10,2,1,153,93,89,65,25,5,1,1,6,52,127,164,0,0,0,43,73,86,99,85,49,20,0,0,0,0,0,0,0,0,10,0,0,0,0,0,71,68,64,65,65,67,66,67,70,76,78,75,16.76,10.23,9.69,8.25,7.09,5.41,1.17,0.87,3.4,12.25,15.52,17.71
164,164,50.17558,-120.538316,847,-1.5,3.2,9.1,13.3,18.6,22.1,25.8,25.8,20.8,13.1,4.3,-0.6,-10.4,-6.3,-2.5,0,4.1,7.4,9.6,9.5,5.6,1,-4,-8.3,-5.9,-1.6,3.3,6.7,11.3,14.7,17.7,17.7,13.2,7,0.2,-4.5,38,20,14,19,26,25,25,25,24,22,29,41,3.2,6.4,11.4,16.2,19.9,22.1,23.1,19.4,13.7,7.6,3.7,2.3,203,86,27,6,0,0,0,0,0,4,59,161,0,1,28,75,200,292,393,393,247,92,9,0,742,544,458,341,211,111,41,46,154,341,535,693,0,0,0,0,3,12,31,35,10,0,0,0,1,2,8,14,26,29,31,31,27,18,6,1,29,10,2,1,0,0,0,0,0,1,10,29,0,0,40,68,107,126,143,122,74,36,12,0,0,0,26,49,81,100,118,97,50,14,0,0,63,64,60,57,55,56,53,53,54,61,69,68,3.78,1.37,-0.88,-2.54,-5.53,-7.44,-10.18,-10.28,-6.95,-2.2,1.94,4.01
165,165,54.570174,-121.165265,1611,-7.5,-4.2,-1.4,2.8,8.9,12.3,15.5,15.4,10,3.4,-3.1,-6.6,-13.7,-10.4,-8.9,-4.2,0.1,3.7,6.5,6.9,3.1,-1.3,-8.4,-12.4,-10.6,-7.3,-5.2,-0.7,4.5,8,11,11.2,6.5,1,-5.7,-9.5,175,125,125,117,101,112,124,111,113,235,199,142,3.2,6,11.7,16.5,20.3,22.5,21.9,19,11.8,6.1,3.5,2.4,332,218,185,71,7,1,0,0,3,42,192,294,0,0,0,0,39,98,184,190,71,18,0,0,887,704,720,562,419,301,218,213,344,528,712,849,1,1,2,0,0,0,0,2,0,1,3,1,0,1,1,4,14,25,30,30,23,11,1,0,167,119,122,99,36,9,4,4,17,110,168,136,0,0,0,0,60,73,83,67,34,14,0,0,0,0,0,0,0,0,0,0,0,0,0,0,73,74,68,73,70,72,71,73,77,82,77,75,17.52,12.5,12.53,11.02,7.57,6.97,6.3,5.18,8.3,22.62,19.9,14.2
166,166,48.899172,-123.405218,11,6.6,9.2,12.3,14.7,18.6,21.1,23.7,24.3,20.9,14.9,9.9,7.5,1.1,3.1,4.4,5.7,8.7,11,12.8,13.2,11,7.5,4,2.9,3.8,6.1,8.4,10.2,13.6,16.1,18.3,18.7,15.9,11.2,6.9,5.2,135,98,80,53,38,38,22,29,38,89,147,152,3.3,6.1,9.8,15,19.3,21.2,22,18.8,13.5,6.9,3.6,2.3,26,13,6,2,0,0,0,0,0,1,7,17,33,56,106,153,271,331,412,426,329,198,79,52,442,329,301,235,149,80,32,30,87,212,333,393,0,0,2,2,9,22,41,53,26,2,1,0,18,21,27,28,30,30,31,31,30,30,25,23,8,2,1,0,0,0,0,0,0,0,5,4,12,21,43,66,97,109,121,106,67,34,16,10,0,0,0,13,59,71,99,77,29,0,0,0,81,79,74,71,69,69,67,66,70,76,80,84,12.04,7.62,4.42,0.4,-2.59,-3.57,-6.66,-6.34,-3.42,4.33,12.23,13.46
167,167,49.095944,-123.871845,49,6,8.4,11.6,14.3,18.6,21,24.2,24.7,20.8,14.3,9.3,6.9,0.5,2.1,3.7,5,8.4,11.1,13.3,13.7,11.2,7.1,3.4,2.1,3.2,5.3,7.6,9.6,13.5,16.1,18.7,19.2,16,10.7,6.4,4.5,152,122,97,55,39,42,23,28,40,96,163,177,3.4,6,9.5,14.7,19.2,20.9,21.8,18.8,13.3,6.4,3.6,2.6,31,16,8,2,0,0,0,0,0,1,8,21,27,44,89,139,266,332,426,439,332,185,69,42,460,352,324,252,153,80,27,25,85,227,349,416,0,0,1,1,8,22,50,62,26,1,1,0,16,19,25,27,30,30,31,31,30,29,23,21,12,4,1,1,0,0,0,0,0,0,6,7,12,20,41,65,97,108,122,106,66,33,15,10,0,0,0,10,58,66,99,78,26,0,0,0,81,78,74,70,68,69,67,67,70,76,80,83,13.9,10.14,6.47,0.83,-2.55,-3.18,-6.8,-6.64,-3.17,5.2,14,16.2
168,168,50.124844,-125.48565,227,3,5.8,9.3,12.8,18.1,20.7,23.5,23.9,19.6,12.6,6.5,3.6,-1.3,0.6,1.9,3.4,7,9.4,11.6,12,9.3,5.7,1.9,0.1,0.9,3.2,5.6,8.1,12.5,15,17.6,17.9,14.4,9.1,4.2,1.9,207,175,141,89,62,74,47,49,68,193,249,256,3.2,5.4,9.1,13.6,18.7,20.1,20.9,18,12.8,6.2,3.3,2.3,56,28,14,3,0,0,0,0,0,2,17,41,9,21,51,102,237,301,390,401,284,143,35,16,534,410,386,297,180,104,43,42,122,275,414,497,0,0,0,0,5,14,30,39,15,0,1,0,12,15,21,24,30,30,31,31,29,28,20,15,37,16,5,2,0,0,0,0,1,1,22,30,9,16,36,61,97,111,122,105,63,29,11,7,0,0,0,0,35,37,76,56,0,0,0,0,84,82,75,69,65,65,64,64,68,77,84,87,19.98,16.18,11.69,4.95,-0.43,-0.39,-4.65,-4.62,-0.18,15.53,23.4,24.78
169,169,50.943673,-115.762584,2215,-6.8,-3.7,0.2,4.4,9.6,14.3,18,17.9,14.1,6.2,-1.4,-7.1,-17.6,-13.4,-9,-5.3,-0.2,3.5,6.2,5.8,1.8,-3.4,-10.5,-15.1,-12.2,-8.5,-4.4,-0.5,4.7,8.9,12.1,11.9,8,1.4,-6,-11.1,158,85,73,108,201,226,164,145,156,138,141,189,2.8,6.6,12.5,16.9,20.2,22.2,23.3,20.5,13.8,7.5,2.9,2.3,381,245,163,65,7,1,0,0,2,37,196,345,0,0,0,5,42,121,221,212,102,20,0,0,935,738,695,554,412,274,183,192,302,516,719,897,0,0,0,0,0,0,2,2,1,0,1,0,0,0,1,3,13,25,30,30,19,6,1,0,154,83,70,89,66,11,3,4,15,57,121,185,0,0,0,0,67,88,102,87,54,24,0,0,0,0,0,0,0,0,0,0,0,0,0,0,54,59,62,63,67,65,63,62,60,65,62,65,15.75,8.55,7.22,9.75,17.09,16.52,8.02,6.12,9.78,12.21,14.14,18.92
170,170,57.709726,-130.659309,2086,-7.6,-4.9,-4.5,-0.9,5.5,8.6,10.8,10.3,6.1,-0.3,-6.9,-7.5,-14.8,-11.9,-10.7,-9.1,-4.5,-0.9,1.7,2.1,-1.1,-6.1,-12.6,-14,-11.2,-8.4,-7.6,-5,0.5,3.8,6.3,6.2,2.5,-3.2,-9.7,-10.7,181,169,126,73,86,118,150,164,202,225,172,201,2.4,5,10.6,16.5,20,20.7,19.8,16.4,10.8,5.3,3.1,1.6,350,243,248,172,48,8,2,1,16,131,293,334,0,0,0,0,10,32,63,62,21,5,0,0,904,736,796,689,542,425,364,367,466,659,832,886,1,2,4,3,0,0,0,0,0,5,4,2,0,0,0,1,3,10,21,22,11,2,0,0,175,165,125,72,61,51,26,27,84,206,165,196,0,0,0,0,50,63,67,51,27,0,0,0,0,0,0,0,0,0,0,0,0,0,0,0,68,70,73,66,64,67,70,72,74,76,75,71,18.13,16.94,12.57,7.31,7.25,9.28,11.38,13.01,18.59,22.22,17.16,20.14
171,171,48.849584,-123.548293,180,5.4,7.9,11.3,13.8,17.9,20.5,23.3,23.9,20.4,14.1,8.7,6.2,0.1,2,3.3,4.6,7.6,10.2,12.3,12.7,10.5,6.7,3,1.8,2.7,4.9,7.3,9.2,12.8,15.3,17.8,18.3,15.4,10.4,5.8,4,160,118,95,56,38,37,21,28,38,97,170,180,3.8,6.7,10.2,15.4,19.6,21.4,22.3,19.4,14.2,7.2,4.2,2.8,35,18,9,2,0,0,0,0,0,1,10,24,22,39,82,128,245,310,398,413,314,177,59,35,476,362,335,265,173,97,39,36,97,235,365,431,0,0,0,0,5,16,34,45,22,0,0,0,15,19,24,26,30,30,31,31,30,29,22,20,15,5,1,1,0,0,0,0,0,0,8,9,12,19,41,64,96,108,120,105,66,34,15,9,0,0,0,8,57,71,99,77,28,0,0,0,81,80,73,70,68,68,67,66,69,76,81,84,14.81,9.9,6.29,1.06,-2.49,-3.62,-6.77,-6.46,-3.41,5.19,14.89,16.6
172,172,49.488875,-115.101777,1248,-3.7,1.2,5.8,10.2,15.6,20.2,24.4,24.4,18.9,11.1,2,-2.7,-12.4,-8.7,-4.6,-1,3,6.9,9.5,9.1,5,0.3,-5.7,-10.5,-8,-3.7,0.6,4.6,9.3,13.6,16.9,16.8,11.9,5.7,-1.8,-6.6,126,81,74,70,90,88,62,44,65,89,137,139,3.2,7,11.9,15.8,19.5,21.5,23.1,20.2,13.3,6.9,3.3,2.6,256,131,56,12,1,0,0,0,0,7,99,220,0,0,10,44,142,256,371,366,212,67,4,0,807,604,541,403,270,138,55,63,185,383,595,759,0,0,0,0,0,7,22,24,6,0,0,0,0,1,4,11,24,29,31,31,26,16,3,1,111,62,36,13,3,0,0,0,2,4,72,120,0,0,34,58,93,116,135,116,69,33,0,0,0,0,0,0,3,28,73,72,4,0,0,0,63,61,62,62,60,59,56,55,57,64,70,67,12.6,7.89,6.09,4.02,2.65,-0.22,-5.72,-7.65,-1.97,5.5,13.22,13.93
173,173,48.804066,-123.515113,180,5.5,7.9,11.2,13.7,17.7,20.3,23.2,23.8,20.3,14.1,8.6,6.2,0.1,2,3.3,4.6,7.6,10.1,12.2,12.5,10.5,6.7,3,1.8,2.8,5,7.2,9.1,12.7,15.2,17.7,18.2,15.4,10.4,5.8,4,161,116,92,55,38,37,21,28,38,96,174,178,3.5,6.1,9.6,14.8,19.1,20.9,21.7,18.6,13.2,6.6,3.8,2.6,35,18,9,2,0,0,0,0,0,1,10,24,23,40,80,126,242,307,393,409,312,176,58,35,474,361,337,267,176,99,41,38,99,236,366,431,0,0,0,0,5,15,32,43,21,0,0,0,15,19,24,26,30,30,31,31,30,29,22,20,15,5,1,1,0,0,0,0,0,0,9,9,12,19,41,64,95,107,119,105,66,34,15,10,0,0,0,9,57,71,98,77,28,0,0,0,81,80,74,70,68,68,67,66,70,76,81,84,14.93,9.74,6.11,1.05,-2.49,-3.6,-6.7,-6.41,-3.34,5.15,15.33,16.44
174,174,53.04885,-119.011439,1788,-8.2,-2.4,1.5,5.9,10.8,14,17,16.7,13.4,6.5,-2.2,-7,-16.7,-12,-9.2,-5.4,0.2,4.2,6.4,6,2.5,-2.4,-10.2,-13.9,-12.5,-7.2,-3.8,0.3,5.5,9.1,11.7,11.3,7.9,2,-6.2,-10.5,162,99,59,69,69,98,93,86,105,129,130,124,4.3,7.8,14.3,18.2,21.3,23.1,22.5,20.7,14.7,8.7,5,3.2,389,216,149,53,4,1,0,0,2,30,201,326,0,0,0,7,54,126,206,196,101,24,0,0,944,703,679,532,387,268,197,208,303,497,725,878,0,0,1,0,0,0,1,2,1,0,2,0,0,0,1,3,15,26,30,30,21,8,1,0,159,94,56,52,17,4,2,3,10,42,113,121,0,0,0,44,71,82,93,77,48,21,0,0,0,0,0,0,1,0,0,0,0,0,0,0,62,60,58,59,65,68,66,66,64,68,66,70,16.23,9.93,5.72,5.59,3.42,4.28,2.1,1.54,5.36,11.24,13.04,12.41
175,175,49.395698,-122.919688,457,3.8,6.6,9.5,12.2,16.6,19,22.4,23,19.6,13,7.3,4.7,-1.2,1,2.6,4,7.2,9.8,12.2,12.8,10.5,6.3,2.2,0.3,1.3,3.8,6.1,8.1,11.9,14.4,17.3,17.9,15.1,9.6,4.8,2.5,380,307,257,195,145,122,74,96,140,311,441,415,4.2,7.1,11.4,16.4,20.1,22.3,23.6,20.4,14.9,8.2,4.7,3.3,50,24,12,3,0,0,0,0,0,2,14,35,12,27,59,101,217,281,381,399,302,156,43,21,520,393,372,298,196,120,48,42,107,260,398,478,0,0,0,0,3,10,26,38,19,0,1,0,12,16,23,25,30,30,31,31,30,29,20,16,58,21,7,5,1,0,0,0,1,2,32,38,10,17,36,57,88,99,113,98,62,30,13,8,0,0,0,0,0,0,39,2,0,0,0,0,81,81,76,73,70,71,69,69,72,78,82,85,37.13,29.17,23.23,15.8,8.67,5.49,-1.05,0.91,7.16,27.11,42.37,40.46
176,176,49.371263,-115.838769,1372,-3.4,1.4,6.1,10.9,15.8,20.1,24.4,24.7,19.2,10.3,1.5,-2.6,-11.2,-7,-3.6,-0.3,3.5,7.3,10.6,10.4,6,0.7,-4.8,-9.4,-7.3,-2.8,1.3,5.3,9.6,13.7,17.5,17.6,12.6,5.5,-1.7,-6,70,40,42,43,59,60,35,31,36,49,79,72,3.2,7.1,11.8,15.7,19.6,21.9,23.4,20.5,13.9,7.3,3.4,2.4,238,111,47,10,0,0,0,0,0,8,95,203,0,0,14,54,151,260,389,390,229,63,4,0,784,579,521,382,260,135,44,48,169,389,590,741,0,0,0,0,0,7,30,34,8,0,0,0,1,2,6,13,25,29,31,31,27,17,4,1,60,27,16,5,2,0,0,0,1,3,41,60,0,0,34,60,93,115,132,115,69,31,0,0,0,0,0,17,35,55,97,85,33,0,0,0,67,66,65,63,61,60,59,58,59,68,75,72,7.03,3.66,2.76,0.98,-0.79,-3,-8.21,-9.01,-4.93,1.76,7.45,7.23
177,177,58.925879,-125.767772,1361,-8.7,-3.3,-0.8,4.1,11.1,15.5,17.8,16.8,11,4.1,-4.7,-7.6,-17.8,-13.4,-12,-6,-0.9,4.2,6.4,6,1.9,-3.4,-12.1,-15.3,-13.2,-8.4,-6.4,-0.9,5.1,9.9,12.1,11.4,6.5,0.3,-8.4,-11.4,52,44,42,42,59,81,99,76,62,67,51,51,1.7,4.1,9.9,15.7,19.6,20.3,19.7,15.8,9.6,4.3,2,1.1,412,242,217,75,5,0,0,0,3,53,253,355,0,0,0,0,48,148,220,198,70,15,0,0,966,735,757,568,399,244,184,205,347,550,792,908,0,0,2,2,0,1,2,2,0,3,3,0,0,0,0,2,11,26,30,30,20,6,0,0,51,43,42,36,17,2,2,2,9,38,48,50,0,0,0,0,68,86,92,70,34,13,0,0,0,0,0,0,9,5,0,0,0,0,0,0,60,58,54,62,60,64,64,66,69,72,68,66,5.16,4.44,4.24,3.41,2.48,1.68,2.4,0.74,2.7,5.75,5.12,5.12
178,178,49.645279,-123.20733,830,2.2,5.3,7.1,9.7,14.3,17,20.3,21.1,17.8,10.9,5.2,2.8,-3.2,-0.9,0.5,2,5.4,8,10.8,11.4,9.2,4.5,0,-1.7,-0.5,2.2,3.8,5.9,9.9,12.5,15.5,16.3,13.5,7.7,2.6,0.6,311,277,251,162,124,105,61,81,121,278,393,360,-9999,-9999,-9999,-9999,-9999,-9999,-9999,-9999,-9999,-9999,-9999,-9999,76,36,24,8,0,0,0,0,0,3,29,57,3,13,25,57,158,225,328,350,256,107,18,8,575,439,443,364,253,166,87,74,146,320,463,537,0,0,0,0,0,4,11,19,11,0,1,0,7,11,16,20,28,29,31,31,29,26,14,10,83,40,29,15,3,1,0,0,2,4,63,69,0,17,31,51,80,92,103,91,57,27,12,8,0,0,0,0,0,0,43,10,0,0,0,0,79,78,77,74,71,71,70,70,73,78,82,83,30.48,26.4,23.38,13.54,7.28,4.38,-1.52,0.12,5.83,24.67,38.05,35.22
179,179,49.811555,-119.445447,684,-0.9,3.4,9.8,14.1,19.8,23.6,27.2,27,21.4,12.9,4.7,0.2,-7.4,-4,-0.5,2.2,6.4,10,12.6,12.4,8.3,3.1,-1.4,-5.2,-4.2,-0.3,4.6,8.2,13.1,16.8,19.9,19.7,14.8,8,1.6,-2.5,44,25,21,29,37,36,27,35,29,27,34,50,2.4,5.6,10.6,15.6,19.3,21.5,22.8,18.9,13,6.7,2.6,1.7,157,65,19,3,0,0,0,0,0,3,39,112,0,6,45,108,254,355,462,456,296,114,17,3,688,508,416,296,165,64,16,20,112,311,491,632,0,0,0,0,8,30,76,74,17,0,0,0,2,5,13,21,29,30,31,31,29,24,11,4,27,9,1,1,0,0,0,0,0,0,7,24,0,0,41,69,109,129,145,122,73,34,12,0,0,0,19,40,72,93,117,88,43,7,0,0,73,72,65,62,59,59,58,58,60,68,77,78,4.33,1.78,-0.49,-2.08,-4.54,-6.76,-10.23,-9.34,-6.04,-1.51,2.28,4.7
180,180,49.979517,-121.789198,1185,-1.7,2,6.1,10.3,15.2,18.1,22.1,22.4,17.7,10,2.2,-0.9,-7.3,-4.5,-2.5,-0.1,3.6,6.8,9.7,10.3,7.3,2.1,-3.3,-6.2,-4.5,-1.3,1.8,5.1,9.4,12.5,15.9,16.4,12.5,6.1,-0.5,-3.6,176,132,91,94,54,51,33,43,61,132,168,182,5.3,8.5,13,17.6,21.3,24.2,25.1,21.6,16.3,9.7,5.9,4,166,81,41,10,1,0,0,0,0,6,72,137,0,0,12,47,145,225,339,353,227,73,4,0,699,535,505,387,266,166,78,71,171,371,556,665,0,0,0,0,0,4,13,20,8,0,1,0,2,4,8,14,25,29,31,31,28,21,7,3,114,64,29,13,2,0,0,0,1,5,67,110,0,0,32,56,89,103,119,101,60,28,0,0,0,0,0,0,35,51,86,59,0,0,0,0,76,74,69,65,63,64,62,63,67,73,79,78,17.5,12.65,7.61,6.42,-0.61,-2.31,-6.38,-5.5,-0.95,10.22,16.16,18.02
181,181,53.906313,-131.825485,39,4.6,7,8.8,9.9,12.9,15.2,17.3,18.4,16.8,11.9,7.7,5.8,0.2,2,2.8,3.1,6.1,8.6,11.3,11.6,9.9,6.3,2.9,1.9,2.4,4.5,5.8,6.5,9.5,11.9,14.3,15,13.3,9.1,5.3,3.8,147,149,133,128,68,66,59,68,111,218,197,205,2.2,4.5,8.7,14.2,18.5,19.3,18,15.3,10.8,5.7,2.7,1.5,38,20,13,6,1,0,0,0,0,2,12,25,17,31,46,63,148,207,287,306,251,141,46,31,486,373,381,345,263,185,120,103,151,277,382,437,0,1,2,2,2,3,6,10,10,3,2,1,16,19,23,23,29,30,31,31,30,29,22,20,15,7,5,8,2,1,0,1,2,1,12,11,7,13,28,45,66,74,75,68,45,22,9,5,0,0,0,0,0,8,17,0,0,0,0,0,85,83,80,77,77,79,81,78,78,81,83,86,13.7,13.34,11.15,10.28,2.93,2.11,0.98,1.35,6.11,18.55,17.89,19.28
182,182,50.296182,-122.819196,623,-1.1,3,7.7,11.8,17.5,21.1,24.2,24.1,19.5,11.4,3.3,-0.6,-6.8,-3.7,-1.2,1,4.6,7.9,9.9,10,7.1,2.5,-2.2,-5.5,-4,-0.3,3.2,6.4,11.1,14.5,17,17.1,13.3,7,0.5,-3.1,197,154,112,70,49,50,33,46,70,152,173,184,2.9,5.1,9.3,14.7,18.4,21.5,22.5,17.9,11,5,2.8,2.1,151,66,28,6,0,0,0,0,0,5,54,125,0,3,24,69,193,285,374,374,250,91,8,0,682,509,460,348,218,116,53,57,151,343,524,650,0,0,0,0,2,11,23,27,10,0,1,0,3,5,11,17,27,29,31,31,28,22,9,4,117,57,17,5,1,0,0,0,1,4,52,102,0,0,35,61,100,118,132,111,67,30,10,0,0,0,0,0,50,68,99,65,0,0,0,0,76,74,69,64,60,60,57,58,62,70,79,79,19.6,14.73,9.3,3.43,-2.17,-3.84,-7.54,-6.11,-0.83,11.78,16.48,18.23
183,183,49.249672,-117.940645,1472,-3.1,0.7,5.5,9.9,14.8,18.6,23.1,23.1,17.7,9.4,1.8,-1.8,-9.4,-6.5,-3.4,-0.1,4,7.6,11.4,11.8,7.5,1.7,-3.9,-7.6,-6.3,-2.9,1.1,4.9,9.4,13.1,17.3,17.5,12.6,5.5,-1.1,-4.7,104,75,81,62,65,69,47,49,39,82,110,126,3,6.7,11.5,16,19.9,22.1,23.5,19.9,13.8,7.3,3.3,2,212,113,50,11,1,0,0,0,0,8,83,168,0,0,11,47,144,242,381,387,230,64,5,0,753,582,527,394,267,148,48,49,168,388,573,701,0,0,0,0,0,5,26,32,8,0,0,0,1,2,6,14,26,29,31,31,29,20,6,2,82,51,34,10,2,0,0,0,1,5,50,91,0,0,32,56,87,104,121,103,61,28,0,0,0,0,0,0,22,34,74,53,22,0,0,0,73,71,68,66,65,66,65,66,68,74,77,76,10.35,7.18,6.84,3.26,0.54,-0.82,-5.56,-5.28,-3.27,5.46,10.45,12.59
184,184,49.362792,-121.342699,1134,-0.6,3,7.2,9.7,14.2,17.5,21.5,21.8,17.7,10.5,3.5,0.5,-6.3,-3.7,-1.8,0.2,3.5,6.7,9.7,10.1,7.1,2.2,-2.7,-4.9,-3.5,-0.4,2.7,4.9,8.9,12.1,15.6,16,12.4,6.4,0.4,-2.2,259,160,122,110,81,72,54,57,85,176,255,260,3,5.7,10.3,15.3,19.1,21.8,23.1,18.9,13,6.4,3.2,2.3,139,67,32,11,1,0,0,0,0,6,56,106,0,2,18,44,129,213,329,341,224,79,7,0,667,511,477,393,284,178,86,80,175,362,528,624,0,0,0,0,0,3,11,17,7,0,1,0,3,5,10,15,25,29,31,31,28,21,8,4,142,60,25,17,4,1,0,0,2,6,80,119,0,0,35,54,85,99,116,100,61,30,12,0,0,0,0,0,3,28,62,43,0,0,0,0,76,74,68,68,65,66,64,64,66,72,76,78,25.77,15.25,10.45,8.25,2.85,0.2,-3.69,-3.57,1.5,14.47,24.65,25.63
185,185,50.797419,-119.778838,563,-1.6,3.3,9.8,15.3,21.3,24.8,28.4,28.1,21.8,12.9,4.4,-0.3,-8.3,-4.5,-0.7,2.2,6.3,10.2,12.4,12.1,8.1,3.1,-1.6,-5.6,-5,-0.6,4.6,8.8,13.8,17.5,20.4,20.1,15,8,1.4,-3,51,26,18,30,33,35,35,33,34,35,45,60,2.7,5.9,11.1,15.6,19.1,21,22.1,18.7,13.3,7,3.2,2,177,70,19,3,0,0,0,0,0,3,41,123,0,5,45,123,276,375,476,467,300,114,16,2,713,518,418,278,144,52,13,17,109,310,498,647,0,0,0,1,11,39,87,82,18,0,0,0,2,4,13,21,29,30,31,31,29,24,10,3,35,10,1,1,0,0,0,0,0,0,10,32,0,0,40,72,117,135,152,128,73,33,11,0,0,0,21,42,84,100,117,95,39,0,0,0,72,70,64,59,55,57,54,54,58,68,78,78,5.13,1.86,-0.79,-2.68,-6.01,-7.73,-10.66,-10.61,-5.84,-0.7,3.49,5.74
186,186,49.541008,-115.484799,1420,-4.3,0.7,5.3,10,15,19.5,23.8,23.8,18.2,10.1,1.1,-3.3,-12.1,-8.3,-4.6,-1.2,2.7,6.6,9.5,9.4,5.1,-0.2,-5.8,-10.5,-8.2,-3.8,0.3,4.4,8.8,13.1,16.7,16.6,11.6,4.9,-2.3,-6.9,92,50,50,61,90,88,58,42,55,60,89,100,4,7.9,12.6,16.3,19.9,22,23.6,21,14.6,8.1,4.3,3.2,260,132,60,13,1,0,0,0,0,10,111,229,0,0,9,42,129,241,363,360,203,55,2,0,812,606,550,408,284,149,60,67,193,406,610,769,0,0,0,0,0,5,20,22,5,0,0,0,1,1,4,11,23,29,31,31,26,14,3,1,82,38,27,12,4,0,0,0,2,5,52,87,0,0,32,57,91,112,131,112,66,31,0,0,0,0,0,0,0,25,73,70,11,0,0,0,67,63,64,62,61,60,57,57,59,66,72,70,9.19,4.8,3.87,3.19,3.01,0.06,-5.73,-7.39,-2.61,3.03,8.56,9.97
187,187,51.629537,-120.086113,731,-3.3,2.2,8.5,13.9,19.9,23.4,26.6,26.3,20.4,11.3,2.5,-2.2,-11.2,-7.3,-3,0.2,4.5,8.2,10.2,9.7,6,1.3,-3.9,-8.5,-7.3,-2.5,2.8,7,12.2,15.8,18.4,18,13.2,6.3,-0.7,-5.4,57,32,24,38,42,50,50,46,40,44,50,66,2,4.7,10.1,14.5,17.9,20,20.5,16.8,11,5.4,2.2,1.3,238,105,32,5,0,0,0,0,0,6,74,185,0,0,24,83,228,323,416,404,247,77,7,0,784,571,474,330,189,86,31,40,154,364,559,720,0,0,0,0,6,19,43,40,10,0,0,0,1,2,7,15,27,30,31,31,27,19,6,1,48,20,5,2,0,0,0,0,1,2,21,51,0,0,37,68,111,130,144,121,69,30,0,0,0,0,13,31,70,80,94,75,29,0,0,0,66,63,60,56,53,55,53,52,56,67,75,74,5.71,2.79,0.38,-0.97,-4.66,-5.74,-8.18,-8.48,-4.79,1.03,4.41,6.63
188,188,50.2609,-125.23771,130,4,6.7,10.2,13.3,18.5,21,23.6,24,19.8,13,7.5,4.7,-0.5,1.4,2.7,4.3,7.8,10.2,12.2,12.4,9.8,6.2,2.5,0.7,1.7,4.1,6.5,8.8,13.1,15.6,17.9,18.2,14.8,9.6,5,2.7,232,190,161,115,77,92,58,61,91,216,272,279,3.2,5.7,9.5,13.9,18.9,20.4,21.2,18.5,13.1,6.4,3.4,2.4,45,22,11,3,0,0,0,0,0,2,13,34,15,29,65,117,255,317,401,409,295,154,45,22,506,386,360,277,164,91,38,37,113,262,391,472,0,0,1,1,7,17,35,43,17,0,1,0,14,17,23,26,30,30,31,31,30,29,21,17,30,12,4,2,0,0,0,0,1,1,18,23,9,16,37,61,97,110,121,104,63,29,12,7,0,0,0,0,20,18,63,43,0,0,0,0,84,82,75,70,66,67,66,65,69,77,82,86,22.27,17.48,13.41,7.27,1.13,1.57,-3.32,-3.22,2.14,17.64,25.43,26.85
189,189,49.683023,-119.722024,559,-0.1,4,10.4,15.1,20.5,24.4,27.9,27.6,22,13.9,5.6,1.3,-5.7,-2.2,1.2,3.6,7.5,11.3,13.8,14,9.9,4.8,0,-3.6,-2.9,0.9,5.8,9.4,14,17.8,20.9,20.8,16,9.3,2.8,-1.2,38,22,18,25,32,28,25,29,22,21,29,40,2.8,6.1,10.9,15.7,19.4,21.8,23.1,19.2,13.4,7,3.1,1.9,125,49,13,2,0,0,0,0,0,2,27,84,1,11,62,137,282,385,491,491,329,148,26,6,649,475,381,260,139,47,10,12,86,269,456,591,0,0,0,2,12,44,99,100,26,0,0,0,4,8,19,24,30,30,31,31,30,27,15,6,19,5,1,0,0,0,0,0,0,0,4,14,0,16,41,71,111,131,146,122,73,35,12,0,0,0,22,45,79,102,120,93,51,14,0,0,77,77,69,63,60,61,59,60,63,70,80,81,3.56,1.23,-1.07,-3.03,-5.2,-7.72,-10.57,-9.87,-6.79,-2.72,1.56,3.58
190,190,49.714854,-119.600781,1081,-2.2,2,8,11.7,17.2,21,24.5,24.5,19.2,11.3,3,-1.3,-8.9,-5.7,-2.2,0.5,4.5,8.2,10.8,11,7.2,2.2,-3.2,-6.9,-5.6,-1.8,2.9,6.1,10.9,14.6,17.7,17.8,13.2,6.8,-0.1,-4.1,53,34,29,39,41,43,35,39,33,30,40,50,3.7,7,11.8,16.7,20.4,22.7,24.1,20.5,14.8,8.2,4.1,2.7,193,91,30,7,0,0,0,0,0,5,64,151,0,0,24,65,188,288,393,396,247,86,7,0,731,552,470,358,222,114,41,44,154,349,543,682,0,0,0,0,2,11,32,36,10,0,0,0,1,3,9,16,27,30,31,31,28,21,7,2,39,19,5,3,1,0,0,0,1,1,14,33,0,0,37,61,99,117,132,112,66,31,0,0,0,0,8,22,58,74,97,72,33,1,0,0,72,70,65,63,60,61,59,60,63,70,76,76,5.27,2.87,0.89,0.25,-3.22,-4.77,-7.94,-7.34,-4.67,-0.54,3.21,4.92
191,191,49.991692,-124.714401,91,5.7,8.1,11.2,14.1,18.8,21.3,24.1,24.2,20.2,13.9,8.7,6.4,0.2,2.1,3.4,4.7,8.1,10.9,12.9,13.1,10.4,6.6,3.1,1.6,2.9,5.1,7.3,9.4,13.5,16.1,18.5,18.6,15.3,10.3,5.9,4,160,128,117,72,56,59,38,45,62,141,202,193,2.8,5.3,9.2,4.2,8.6,10.3,10.9,7.8,2.7,6,3.2,2.1,33,17,9,2,0,0,0,0,0,1,10,24,24,41,82,132,266,332,419,423,310,173,60,36,469,357,333,259,153,80,29,31,101,240,363,431,0,0,1,2,8,22,46,51,21,1,2,0,16,19,25,26,30,30,31,31,30,29,23,20,14,5,2,1,0,0,0,0,1,0,10,9,11,18,39,64,99,110,122,104,64,32,14,9,0,0,0,0,42,52,84,59,2,0,0,0,81,80,74,69,66,68,66,67,69,76,81,83,14.75,10.92,8.62,2.59,-1.1,-1.8,-5.42,-4.81,-0.85,9.76,18.13,17.84
192,192,55.3036,-120.277426,876,-7.4,-1.6,3.1,9.9,16.5,19.8,22,21.6,16,9.8,-0.1,-4.8,-17.6,-12.9,-8.2,-2.2,3,7.5,9.5,8.8,4.5,-0.6,-9.7,-14.4,-12.5,-7.3,-2.5,3.9,9.8,13.6,15.7,15.2,10.2,4.6,-4.9,-9.6,46,28,35,28,47,86,79,63,53,35,39,40,2.7,5.8,11.5,16.3,19.7,21.6,21.2,17.8,11.2,6,3.1,2,389,217,116,16,0,0,0,0,1,11,172,296,0,0,0,36,155,258,333,317,164,51,0,0,944,703,639,424,256,137,82,98,234,416,686,852,0,0,0,0,1,7,12,12,3,0,0,0,0,0,1,8,24,29,31,31,25,13,1,0,45,26,30,7,1,0,0,1,2,3,31,39,0,0,0,52,91,106,112,92,50,23,0,0,0,0,0,24,44,20,33,29,0,0,0,0,56,54,57,59,58,62,62,61,63,65,61,60,4.58,2.79,3,0.09,-2.18,0.41,-1.43,-2.9,-1.14,0.81,3.92,4.01
193,193,49.587019,-120.772944,1289,-2.4,1.5,5.8,10.5,15,18.7,22.5,22.8,18.4,10.7,2.1,-1.4,-9.5,-6.4,-3.9,-1.3,2.3,5.5,8.1,8.5,5,0.6,-5,-8.1,-5.9,-2.5,1,4.6,8.6,12.1,15.3,15.6,11.7,5.6,-1.5,-4.8,131,71,55,62,43,39,32,33,37,71,114,140,3.5,6.6,11.3,16.3,20.1,23,24,19.8,14.1,7.5,3.9,2.6,203,104,51,12,1,0,0,0,0,8,91,170,0,0,8,41,122,213,320,331,206,65,1,0,742,569,530,402,292,178,94,88,191,385,584,703,0,0,0,0,0,3,10,14,6,0,0,0,1,2,5,10,22,28,31,31,26,17,4,2,100,45,24,11,2,0,0,0,1,4,56,102,0,0,33,60,91,110,126,109,67,31,0,0,0,0,0,0,48,71,94,76,30,0,0,0,70,69,64,60,59,59,57,57,58,66,72,72,13.1,6.74,4.19,3.1,-1.61,-4.31,-7.38,-7.47,-4.45,3.83,10.81,13.99
194,194,54.418011,-124.380747,747,-6.3,0.5,5.6,10.4,17,20.1,22.8,22.5,17.3,10,0.3,-4.7,-15.6,-9.7,-5.7,-1.3,2.7,6.1,8.4,8,4,-0.1,-6.9,-12.4,-10.9,-4.6,0,4.5,9.8,13.1,15.6,15.2,10.7,4.9,-3.3,-8.6,53,37,37,27,40,57,43,46,42,58,60,65,2.4,4.9,10.1,14.5,18.6,21,20.5,17.6,11.3,5.1,2.7,1.7,342,152,66,13,0,0,0,0,1,10,134,272,0,0,5,41,157,243,329,318,176,54,0,0,896,629,561,404,254,148,86,97,221,407,639,820,0,0,0,0,1,6,11,12,4,0,0,0,0,1,3,10,23,29,31,31,25,14,2,0,51,31,22,5,1,0,0,0,2,5,40,61,0,0,0,53,95,112,121,100,56,24,0,0,0,0,0,27,56,55,78,54,14,0,0,0,60,59,58,61,55,57,57,56,58,66,70,67,5.33,3.66,2.62,-0.17,-3.18,-2.93,-5.82,-5.45,-3.01,3.07,5.79,6.47
195,195,50.741528,-120.121451,1109,-3.2,1.2,6.7,11.2,17.2,20.9,24.2,24.1,18.3,10.6,2.1,-2.1,-10.8,-6.6,-3,0.1,4.7,8.2,10.2,10.2,6.5,1.2,-4.5,-8.5,-7,-2.7,1.8,5.7,10.9,14.6,17.2,17.2,12.4,5.9,-1.2,-5.3,43,31,25,40,46,44,39,44,43,38,42,51,2.4,5.5,10.7,15.4,19.2,21.5,22.4,18.5,12.8,6.4,2.5,1.7,231,109,41,8,0,0,0,0,0,7,84,184,0,0,16,58,190,286,378,378,224,70,4,0,776,576,503,371,221,115,50,55,174,376,575,720,0,0,0,0,2,11,25,29,7,0,0,0,1,2,7,14,27,30,31,31,28,18,5,1,36,20,8,4,1,0,0,0,1,2,19,39,0,0,34,59,97,115,130,110,63,29,0,0,0,0,9,19,52,71,91,66,20,0,0,0,68,69,65,63,60,61,58,59,63,69,74,73,4.29,2.72,0.92,0.61,-2.71,-4.62,-7.44,-6.88,-3.32,0.68,3.65,5.05
196,196,49.004964,-122.759345,35,6,9.3,12.4,14.7,18.6,21.1,23.6,23.9,20.7,15.1,9.9,7.1,0.1,2.4,4,5.4,8.4,11,12.5,12.9,10.7,7,3.5,1.8,3,5.8,8.2,10,13.5,16,18.1,18.4,15.7,11.1,6.7,4.5,162,122,104,82,58,51,36,44,59,129,171,178,3.4,6.1,10,15.2,19,21.1,22,18.7,13.1,6.5,3.7,2.5,33,14,7,2,0,0,0,0,0,1,7,21,25,52,103,149,267,330,406,415,321,195,75,41,466,336,306,239,153,82,35,35,92,215,340,417,0,0,2,2,8,21,38,46,23,2,1,0,15,20,26,27,30,30,31,31,30,29,24,20,13,3,1,1,0,0,0,0,0,0,6,7,12,21,44,66,98,109,121,104,67,36,16,10,0,0,0,0,39,58,85,61,9,0,0,0,79,77,72,70,68,69,67,67,69,74,78,82,14.86,9.86,6.75,3.23,-0.67,-2.32,-5.3,-4.67,-1.44,8.08,14.56,16.23
197,197,49.140272,-123.926231,102,5.3,7.9,11.2,13.9,18.3,20.8,23.9,24.4,20.6,14.2,8.8,6.4,0.1,1.8,3.3,4.6,8,10.8,13,13.3,10.8,6.7,3,1.7,2.7,4.9,7.2,9.3,13.1,15.8,18.4,18.8,15.7,10.4,5.9,4,166,133,107,58,41,44,24,30,41,105,177,193,3.7,6.2,9.7,14.8,19.2,20.9,21.8,18.8,13.4,6.6,3.9,2.7,35,18,9,2,0,0,0,0,0,1,10,24,22,39,81,130,256,323,417,429,322,176,60,36,476,364,336,263,163,87,30,29,91,236,363,430,0,0,1,1,7,19,44,55,24,0,1,0,15,18,24,26,30,30,31,31,30,29,23,20,15,6,2,1,0,0,0,0,0,0,8,9,11,19,41,64,97,108,121,106,66,33,15,9,0,0,0,6,56,64,97,76,25,0,0,0,82,79,74,70,67,69,67,67,70,75,80,84,15.38,11.47,7.56,1.25,-2.33,-2.97,-6.66,-6.37,-3.11,6,15.58,17.93
198,198,49.6444,-116.868925,791,-1,3.5,8.9,13.5,18.8,22.6,26.7,26.8,20.8,12,4.3,0.4,-5.8,-2.6,-0.1,2.6,6.5,10.2,12.9,13,8.9,3.8,-0.3,-3.8,-3.4,0.4,4.4,8.1,12.6,16.4,19.8,19.9,14.8,7.9,2,-1.7,107,64,58,53,54,57,39,42,44,68,112,118,2.6,6.3,11,15.1,18.7,20.6,22,19.3,12.9,6.6,2.8,2,137,55,20,4,0,0,0,0,0,3,34,94,1,8,41,105,241,341,458,462,296,112,20,5,664,488,425,299,177,73,17,18,112,313,479,607,0,0,0,0,6,25,72,78,17,0,1,0,4,7,14,22,29,30,31,31,29,25,14,6,58,18,5,1,0,0,0,0,0,1,21,47,0,15,38,66,104,122,140,120,70,31,11,0,0,0,0,13,50,65,102,78,26,0,0,0,80,77,69,64,62,62,60,60,64,73,84,83,10.54,5.61,3.49,0.63,-2.28,-3.84,-8.63,-8.32,-4.09,3.04,10.13,11.43
199,199,55.41159,-122.52486,1320,-8.1,-3.8,0.1,5.3,11.5,15.4,17.8,17.2,11.4,4.9,-3.6,-7.3,-14.7,-10.9,-8.2,-3.4,1.1,5.2,7.3,7.4,3.3,-1.3,-9.2,-12.9,-11.4,-7.4,-4,0.9,6.3,10.3,12.6,12.3,7.3,1.8,-6.4,-10.1,209,186,169,98,84,104,104,68,94,188,210,219,2.8,5.6,11.5,16.4,19.8,21.8,21.3,18.4,11.6,5.8,3.1,2,355,219,155,43,3,0,0,0,2,32,205,315,0,0,0,8,68,160,236,228,88,23,0,0,910,706,685,512,363,232,169,178,320,504,732,867,0,0,2,0,0,1,2,3,1,1,2,1,0,0,1,5,18,28,31,30,23,11,1,0,202,177,160,65,15,2,2,2,11,67,183,212,0,0,0,38,70,86,93,74,38,16,0,0,0,0,0,0,0,0,0,6,0,0,0,0,71,70,66,68,65,67,67,69,73,78,76,75,20.89,18.61,16.74,8.55,4.65,4.21,3.2,0.02,5.69,17.55,20.98,21.94
200,200,49.33314,-122.708065,107,5.5,9.1,12.4,15.1,19.4,21.6,24.6,25.2,21.7,15.1,9.6,6.5,0.5,2.9,4.6,6.1,9.5,11.9,13.9,14.3,11.8,8.1,4.2,2.1,3,6,8.5,10.6,14.5,16.8,19.2,19.7,16.8,11.6,6.9,4.3,228,174,143,115,88,81,52,61,82,169,252,263,2.7,6.3,10.5,15.3,18.6,20.7,22,18.9,13.9,7.4,3.5,2.2,33,13,6,1,0,0,0,0,0,1,7,22,26,56,111,165,296,352,441,457,354,208,80,41,468,332,297,225,126,66,21,19,70,203,334,422,0,0,2,3,13,29,60,74,34,3,2,0,16,21,27,28,31,30,31,31,30,30,25,21,19,4,1,1,0,0,0,0,0,0,8,11,11,20,42,66,99,109,122,107,68,34,15,9,0,0,0,0,11,28,70,46,0,0,0,0,82,79,74,71,69,70,68,67,69,77,82,85,21.58,15.19,10.7,6.47,2.01,0.48,-4.08,-3.59,0.48,12.24,22.84,24.92
201,201,52.978617,-122.561281,617,-4.4,2.2,8.2,13,19,21.9,24.7,24.5,19.1,11.7,2.2,-3.1,-12.8,-7.4,-3.2,0,4.5,7.9,10.3,9.8,5.9,1.3,-4.8,-10.1,-8.6,-2.6,2.5,6.5,11.7,14.9,17.5,17.1,12.5,6.5,-1.3,-6.6,60,31,24,25,47,64,49,53,44,49,47,54,2.7,5.4,10.8,15,18.5,21.2,21,17.6,11.4,5.8,3.1,2,270,107,34,6,0,0,0,0,0,5,88,221,0,0,22,73,212,297,388,377,226,82,4,0,825,573,482,345,201,107,44,55,173,357,580,760,0,0,0,0,4,13,29,28,7,0,0,0,0,2,6,14,27,29,31,31,27,19,4,1,54,20,5,2,0,0,0,0,1,2,22,47,0,0,35,63,105,120,130,109,62,28,0,0,0,0,11,38,58,57,81,56,19,0,0,0,64,62,60,58,55,57,57,57,59,66,73,70,6.01,2.7,0.51,-1.67,-3.44,-3.11,-6.3,-5.81,-3.48,1.35,4.15,5.41
202,202,49.095776,-123.724534,18,6.4,8.8,11.9,14.3,18.4,20.8,23.8,24.3,20.6,14.5,9.7,7.4,0.8,2.6,4.1,5.4,8.8,11.4,13.7,14,11.6,7.5,3.8,2.5,3.6,5.7,8,9.9,13.6,16.1,18.8,19.1,16.1,11,6.7,4.9,149,116,96,57,40,40,22,29,40,96,160,173,-9999,-9999,-9999,-9999,-9999,-9999,-9999,-9999,-9999,-9999,-9999,-9999,28,15,7,2,0,0,0,0,0,1,7,19,31,50,97,145,271,333,427,439,333,192,75,48,449,341,313,245,149,79,26,25,84,218,338,402,0,0,1,2,9,22,50,61,27,2,1,0,17,20,26,27,30,30,31,31,30,30,24,22,10,3,1,1,0,0,0,0,0,0,6,6,12,20,42,64,95,106,118,103,64,33,15,10,0,0,0,8,55,66,95,74,24,0,0,0,81,79,74,71,70,71,69,69,72,77,80,83,13.46,9.46,6.18,0.93,-2.29,-3.1,-6.42,-6.1,-2.91,5.24,13.64,15.61
203,203,49.404733,-123.464387,166,5.5,8.4,11,13.5,17.7,19.9,22.6,23.3,19.7,13.9,9,6.5,0.7,2.7,4.1,5.5,8.9,11.3,13.6,14.1,11.7,7.6,3.7,2.1,3.1,5.6,7.5,9.5,13.3,15.6,18.1,18.7,15.7,10.7,6.3,4.3,217,182,157,103,79,69,45,50,76,180,264,258,-9999,-9999,-9999,-9999,-9999,-9999,-9999,-9999,-9999,-9999,-9999,-9999,32,15,8,2,0,0,0,0,0,1,8,22,26,48,87,136,261,318,407,425,322,186,67,40,465,344,327,256,159,90,35,31,91,225,351,421,0,0,1,2,7,18,38,52,24,2,1,0,17,21,26,27,31,30,31,31,30,30,24,21,17,5,2,1,0,0,0,0,1,0,11,11,11,19,38,60,89,99,109,95,59,30,14,9,0,0,0,0,11,31,64,45,0,0,0,0,83,81,77,74,72,73,72,72,75,79,82,85,20.44,16.16,12.69,5.98,1.99,0.25,-3.34,-3.19,1.29,13.83,24.22,24.32
204,204,49.506379,-123.746902,178,5.2,8,10.9,13.4,17.7,19.8,22.6,23.2,19.6,13.7,8.7,6.4,0.3,2.2,3.7,5,8.5,11,13.1,13.5,11.2,7.1,3.2,1.8,2.8,5.1,7.3,9.2,13.1,15.4,17.9,18.4,15.4,10.4,5.9,4.1,183,149,124,84,66,61,35,39,66,135,210,213,3,5.5,9.2,14.3,18.4,19.9,20.9,17.8,12.2,5.9,3.1,2.1,35,17,9,2,0,0,0,0,0,1,10,24,23,42,82,127,254,312,399,415,313,177,60,36,475,357,334,266,165,95,38,35,98,235,362,429,0,0,1,1,7,16,35,46,21,1,1,0,16,19,25,27,30,30,31,31,30,29,23,20,17,6,2,1,0,0,0,0,1,0,10,10,11,19,39,60,91,100,111,97,60,31,14,9,0,0,0,0,25,39,76,57,0,0,0,0,83,80,76,72,71,72,71,71,74,78,81,84,17.19,13.01,9.37,4.2,0.63,-0.57,-4.53,-4.41,0.17,9.28,18.9,19.87
205,205,49.55836,-123.23564,451,3.6,6.7,8.9,11.6,16.1,18.5,21.7,22.3,18.9,12.3,6.8,4.2,-1.6,0.7,2.1,3.6,7,9.5,12.1,12.7,10.3,5.9,1.6,-0.1,1,3.7,5.5,7.6,11.5,14,16.9,17.5,14.6,9.1,4.2,2.1,308,260,240,163,119,103,60,78,115,271,389,355,2.9,5.2,9.1,14.4,18.8,21,22,17.9,11.6,5.4,2.9,2.1,54,24,15,4,0,0,0,0,0,2,17,39,10,26,49,90,206,270,369,388,289,142,35,18,530,395,390,313,206,127,56,49,118,276,414,490,0,0,0,0,2,9,22,33,16,0,1,0,11,15,21,24,30,30,31,31,30,28,19,15,52,19,10,6,1,0,0,0,1,2,35,38,10,18,35,55,86,97,108,94,59,29,13,8,0,0,0,0,0,0,48,16,0,0,0,0,81,79,77,73,71,72,70,70,73,79,82,85,29.96,24.46,21.72,12.85,6.29,3.84,-1.88,-0.38,5.05,23.43,37.32,34.55
206,206,49.909758,-115.64595,1273,-4.1,1.4,6.6,11.4,16.7,21,25,24.9,19.2,10.8,1.8,-3.1,-12.3,-8.5,-4.4,-0.9,3.1,7.1,9.7,9.4,5.1,-0.2,-5.9,-10.7,-8.2,-3.6,1.1,5.2,9.9,14,17.4,17.2,12.2,5.3,-2.1,-6.9,52,33,38,40,59,66,42,38,39,42,56,58,2.6,6.2,10.9,15.3,18.9,20.9,22.3,19.4,12.5,6.2,2.7,2.1,260,127,50,10,0,0,0,0,0,9,104,228,0,0,13,54,159,270,384,378,218,60,3,0,812,600,526,383,252,128,46,55,180,395,602,768,0,0,0,0,1,9,28,28,7,0,0,0,0,1,4,11,24,29,31,31,26,14,3,1,47,25,16,5,2,0,0,0,1,3,31,50,0,0,35,62,99,120,138,118,69,32,0,0,0,0,0,22,40,54,96,80,30,0,0,0,65,61,61,59,57,58,55,55,57,63,69,68,5.24,3.07,2.27,0.49,-1.45,-3.01,-8.26,-8.68,-4.75,0.9,5.19,5.75
207,207,50.206472,-123.769764,1098,0.3,3.1,6,8.9,14.2,16.9,20.1,20.6,17,10.1,3.4,0.8,-5.3,-3.2,-1.9,0,3.6,6.4,9.2,9.9,7.5,2.4,-2.2,-4.4,-2.5,0,2.1,4.5,8.9,11.6,14.7,15.2,12.3,6.3,0.6,-1.8,358,315,261,186,147,138,91,99,146,359,463,417,3.7,7.3,11.6,15.8,19.8,22.1,23.3,19.9,14,7.7,3.8,2.7,116,61,38,13,1,0,0,0,0,6,53,97,0,1,10,36,130,200,297,318,221,77,6,0,637,501,496,407,283,192,110,97,177,365,522,611,0,0,0,0,0,3,7,12,7,0,1,0,4,6,9,14,25,29,31,31,29,22,9,5,162,106,72,36,7,1,1,1,3,13,137,172,0,0,31,51,84,96,107,92,57,27,10,0,0,0,0,0,0,0,16,0,0,0,0,0,77,76,72,70,66,67,66,67,70,74,79,79,35.51,30.73,24.68,16.19,9.47,7.22,0.98,1.62,8.14,32.96,45.43,41.26
208,208,54.240647,-130.131862,270,1.6,5.1,8.5,11.2,14.6,15.9,17.6,18.5,16.7,10.9,5.3,3.2,-3.7,-0.3,0.8,1.9,5.5,8.3,10.7,11.1,8.8,4.9,0.4,-1.4,-1,2.4,4.7,6.6,10,12.1,14.1,14.8,12.7,7.9,2.8,0.9,349,389,324,355,187,187,140,217,296,611,448,456,2,4,8.2,13.2,18.1,19.1,17.9,14.9,9.8,4.7,2.4,1.4,86,34,18,6,0,0,0,0,0,3,27,52,1,13,33,65,163,213,283,302,232,112,18,10,592,433,415,344,241,178,123,106,166,314,455,526,1,1,2,2,2,3,5,10,8,3,3,1,7,13,17,20,28,30,31,31,29,27,16,11,110,51,22,22,5,1,1,2,6,8,66,77,0,12,30,52,77,80,80,70,47,22,8,5,0,0,0,0,0,0,0,0,0,0,0,0,79,81,74,69,70,75,78,77,75,80,83,83,34.39,37.75,30.25,32.37,13.64,13.61,8.59,15.86,24.23,58.17,43.65,44.85
209,209,52.982972,-122.935032,940,-4.7,1.5,6.3,10.9,17.1,19.8,22.6,22.4,18,10.7,1.1,-3.9,-14.3,-9.2,-5.2,-1.7,2.7,6.1,8.6,8.1,4.2,-0.2,-6.8,-12.2,-9.5,-3.8,0.5,4.6,9.9,13,15.6,15.3,11.1,5.3,-2.8,-8,56,28,23,25,44,67,54,55,41,45,45,53,3,5.6,10.9,15,18.6,21.3,21,17.8,11.7,6,3.3,2.3,298,134,57,13,0,0,0,0,0,9,123,258,0,0,7,41,158,238,330,320,188,60,0,0,852,608,544,404,253,150,85,96,205,395,625,803,0,0,0,0,1,5,12,12,4,0,1,0,0,1,3,9,23,29,31,31,25,14,2,0,53,22,12,5,1,0,0,0,1,3,28,49,0,0,32,57,98,112,121,102,61,28,0,0,0,0,8,32,54,45,67,47,20,0,0,0,59,58,58,58,55,58,58,57,57,64,68,65,5.64,2.64,1.03,-0.61,-2.99,-1.92,-4.71,-4.65,-3.65,1.35,4.2,5.34
210,210,50.201369,-116.574623,2104,-6.6,-3,0.9,3.7,9,12.9,16.6,16.8,11.6,4.1,-3.2,-6,-13.2,-10.7,-8.2,-4.6,-1.3,2.9,6.3,6.5,2.7,-2.9,-9.5,-12.4,-9.9,-6.8,-3.6,-0.5,3.9,7.9,11.4,11.6,7.1,0.6,-6.3,-9.2,179,103,108,105,84,96,74,80,76,148,176,183,5.2,7.3,11.5,15.8,19.7,22,23.4,20.2,13.2,7,5.2,4.1,311,207,144,65,10,1,0,0,2,49,204,287,0,0,0,4,32,97,199,205,83,16,0,0,866,691,673,554,438,303,204,199,326,542,730,840,0,0,0,0,0,0,1,2,1,0,2,0,0,1,1,3,10,24,30,30,22,7,1,0,169,97,101,86,36,8,2,2,10,79,154,174,0,0,0,0,67,82,94,80,45,20,0,0,0,0,0,0,0,0,20,1,0,0,0,0,71,67,63,68,65,67,67,67,71,74,73,72,17.93,10.31,10.53,9.56,5.75,4.69,0.13,0.64,3.56,13.76,17.63,18.26
211,211,53.915645,-121.956779,878,-5.5,0.5,5.4,10.1,16.8,19.9,22.7,22.5,17.1,9.8,0.3,-4.3,-13.8,-8.4,-4.9,-1.3,3,6.5,8.4,8.2,4.5,0.7,-6,-11.1,-9.6,-3.9,0.2,4.4,9.9,13.2,15.5,15.4,10.8,5.2,-2.9,-7.7,114,93,69,59,68,91,69,70,96,131,110,112,2.5,5.3,11.1,15.3,18.7,20.8,20.4,17.8,11.5,5.6,3,1.9,302,136,62,13,0,0,0,0,0,9,123,249,0,0,5,39,158,245,328,322,180,59,0,0,856,610,553,409,253,146,87,94,217,397,626,793,0,0,1,0,1,6,11,12,4,0,1,0,0,1,4,10,23,29,31,31,25,17,3,1,106,73,38,12,2,0,0,1,4,9,69,102,0,0,28,53,94,110,121,100,56,24,0,0,0,0,0,0,26,19,53,30,0,0,0,0,64,64,62,61,57,59,57,57,60,69,74,71,11.4,9.16,5.81,3.09,-0.26,0.59,-3.39,-3.07,2.59,10.41,10.7,11.21
212,212,53.866066,-132.081371,65,4.4,6.9,8.7,10.7,13.6,16,18.5,19.3,17.2,12.1,7.5,5.5,0,1.7,2.5,2.9,5.8,8.3,11,11.4,9.7,6,2.6,1.5,2.2,4.3,5.6,6.8,9.7,12.2,14.8,15.4,13.4,9,5,3.5,159,157,142,125,69,68,55,66,118,247,207,219,2.1,4.6,8.7,14.2,18.5,19.5,18,15.3,10.8,5.6,2.7,1.5,40,21,14,6,0,0,0,0,0,2,13,27,16,29,44,68,153,216,300,322,253,140,42,28,492,379,386,337,258,175,107,94,148,279,390,446,0,1,2,2,2,4,7,12,10,3,2,1,15,18,22,23,29,30,31,31,29,28,21,19,18,8,5,7,2,1,0,1,2,2,14,13,7,14,29,49,71,81,86,75,47,23,9,6,0,0,0,0,2,13,30,8,0,0,0,0,85,82,79,74,74,75,76,75,76,80,83,86,14.98,14.15,12.11,9.62,2.6,1.81,-0.17,0.5,6.5,21.28,18.97,20.68
213,213,50.584659,-128.230348,90,6.6,8.5,10.3,11.4,14.6,16.3,18.4,19.1,17.8,13.5,9.1,7.2,1.6,2.6,3.5,4.1,6.7,9,11.2,11.5,9.8,7.3,4,2.8,4.1,5.6,6.9,7.7,10.7,12.7,14.8,15.3,13.8,10.4,6.6,5,366,329,305,246,134,149,101,109,192,388,427,426,-9999,-9999,-9999,-9999,-9999,-9999,-9999,-9999,-9999,-9999,-9999,-9999,25,15,10,4,0,0,0,0,0,1,8,18,32,44,68,90,181,230,301,322,265,176,68,44,433,343,346,309,227,156,106,95,138,237,343,401,0,0,0,0,2,4,8,12,12,2,0,0,19,20,25,25,29,30,31,31,30,30,25,23,20,10,5,8,2,1,1,1,3,1,16,13,11,18,36,52,77,83,87,77,54,28,13,9,0,0,0,0,0,0,0,0,0,0,0,0,82,80,77,76,74,77,77,76,75,80,83,85,35.08,30.82,27.81,21.43,8.71,9.9,4.44,4.92,13.59,34.79,40.47,41.01
214,214,49.320868,-124.268479,-75,6.7,8.9,11.6,14.1,18.6,21.1,23.8,24.1,20.2,14.3,9.7,7.3,0.9,2.5,3.7,5.1,8.6,11.4,13.5,13.6,11,6.8,3.4,2.4,3.8,5.7,7.7,9.6,13.6,16.3,18.7,18.9,15.6,10.6,6.6,4.8,122,100,75,49,38,43,25,25,41,90,134,131,-9999,-9999,-9999,-9999,-9999,-9999,-9999,-9999,-9999,-9999,-9999,-9999,27,14,8,2,0,0,0,0,0,1,8,19,33,50,89,137,270,337,424,430,319,181,72,46,444,339,323,254,150,76,27,28,94,231,343,406,0,0,1,2,9,23,48,55,23,1,1,0,17,20,25,27,30,30,31,31,30,29,23,22,8,3,1,1,0,0,0,0,0,0,5,4,12,20,41,64,96,108,118,102,63,33,16,10,0,0,0,15,58,65,93,77,22,0,0,0,80,78,74,71,69,70,69,68,71,76,79,83,10.68,7.82,4.29,0.32,-2.54,-3.02,-6.17,-6.34,-2.64,4.55,10.94,11.46
215,215,52.973041,-119.363887,1157,-5.8,-0.4,4.9,9.6,15.4,19.1,21.9,21.5,16.1,8.7,-0.7,-4.8,-14.1,-9.9,-6.1,-2.3,2.3,6.2,8.6,8,4.5,-0.2,-7.4,-12.1,-9.9,-5.2,-0.6,3.7,8.9,12.6,15.3,14.8,10.3,4.2,-4,-8.4,84,52,42,41,46,64,63,61,60,69,67,81,4.5,7.9,14.2,18.2,20.8,22.4,22.6,20.2,14.4,8.6,5.3,3.5,310,165,75,17,1,0,0,0,1,13,152,269,0,0,3,32,129,229,319,301,165,45,0,0,865,644,578,430,284,157,94,108,232,428,661,816,0,0,0,0,0,4,10,9,3,0,1,0,0,1,2,8,22,29,31,31,25,14,2,0,79,45,28,11,2,0,0,1,3,8,49,76,0,0,0,54,90,107,117,97,54,24,0,0,0,0,0,13,44,44,54,36,0,0,0,0,64,61,59,59,58,60,60,59,63,69,72,69,8.45,5.24,3.19,1.45,-1.62,-1.87,-3.53,-3.55,-0.63,4.54,6.59,8.12
216,216,50.101284,-125.18782,35,5.1,7.9,11.2,14,18.9,21.5,24.2,24.6,20.1,13.8,8.5,6,-0.2,1.8,3,4.5,8,10.5,12.5,12.6,9.8,6.2,2.8,1.3,2.5,4.8,7.1,9.2,13.5,16,18.3,18.6,15,10,5.6,3.7,190,155,131,85,60,70,46,48,71,171,226,229,-9999,-9999,-9999,-9999,-9999,-9999,-9999,-9999,-9999,-9999,-9999,-9999,38,18,9,2,0,0,0,0,0,1,11,26,20,38,78,128,266,329,413,421,300,165,56,32,484,365,340,264,154,82,32,32,108,249,371,442,0,0,1,1,8,21,42,50,18,1,1,0,15,18,24,26,30,30,31,31,30,29,22,19,19,7,2,1,0,0,0,0,1,1,12,13,10,18,40,64,100,113,124,107,64,32,14,9,0,0,0,0,40,43,78,60,0,0,0,0,81,79,72,69,66,66,65,64,68,75,80,84,17.88,13.71,10,3.96,-0.8,-0.91,-4.76,-4.91,-0.04,12.8,20.57,21.62
217,217,52.962733,-122.466973,598,-4.3,2.4,8.5,13.2,19.2,22.2,25,24.7,19.2,11.8,2.4,-3,-12.7,-7.2,-2.9,0.2,4.7,8,10.4,9.9,6,1.5,-4.7,-10,-8.5,-2.4,2.8,6.7,11.9,15.1,17.7,17.3,12.6,6.6,-1.1,-6.5,61,31,25,27,47,61,51,50,48,49,48,53,2.7,5.4,10.8,15,18.5,21.2,21,17.6,11.5,5.8,3,1.9,266,103,31,6,0,0,0,0,0,5,84,216,0,0,24,77,217,302,393,381,229,84,5,0,821,568,473,340,196,103,41,53,169,353,574,755,0,0,0,0,5,14,32,30,8,0,0,0,0,2,7,15,27,29,31,31,27,19,5,1,55,20,5,2,0,0,0,0,1,1,22,45,0,0,36,64,105,121,132,110,62,29,0,0,0,0,11,37,58,60,81,60,15,0,0,0,64,62,60,58,55,57,57,56,59,66,72,70,6.06,2.7,0.46,-1.54,-3.45,-3.47,-6.3,-6.28,-3.08,1.36,4.28,5.27
218,218,49.441999,-123.672111,390,4.4,7.6,10.1,12.4,16.8,19,21.8,22.5,19,12.9,7.9,5.6,-0.6,1.4,2.7,4.1,7.6,10,12.3,12.8,10.6,6.4,2.4,0.9,1.9,4.5,6.4,8.2,12.2,14.5,17,17.6,14.8,9.7,5.1,3.3,234,187,163,114,79,77,44,46,87,153,256,237,3.4,5.9,9.8,14.9,18.9,20.5,21.6,18.6,13.1,6.5,3.6,2.4,43,20,11,3,0,0,0,0,0,2,13,29,16,34,64,104,227,284,374,392,294,157,47,28,501,374,362,294,190,116,53,46,113,259,387,454,0,0,0,0,4,11,24,35,17,0,1,0,13,17,23,25,30,30,31,31,30,29,21,18,29,9,4,3,1,0,0,0,1,1,16,16,10,19,38,58,88,98,108,95,59,30,14,9,0,0,0,0,9,21,64,49,0,0,0,0,82,78,75,72,71,72,71,70,74,78,81,84,22.43,16.85,13.56,7.57,2.12,1.17,-3.42,-3.68,2.28,11.3,23.75,22.47
219,219,49.062115,-123.775017,37,6.2,8.6,11.8,14.3,18.5,20.9,24,24.5,20.7,14.4,9.5,7.2,0.6,2.3,3.9,5.2,8.6,11.3,13.5,13.8,11.4,7.3,3.6,2.3,3.4,5.5,7.8,9.8,13.6,16.1,18.8,19.2,16.1,10.9,6.6,4.7,154,120,97,56,39,40,22,28,39,94,162,179,3.5,6,9.5,14.8,19.2,21,21.9,18.7,13.2,6.4,3.5,2.6,30,15,7,2,0,0,0,0,0,1,8,20,29,47,94,142,269,333,427,439,332,189,72,45,455,347,318,248,151,80,26,25,84,222,343,408,0,0,1,2,8,22,50,62,26,2,1,0,17,20,26,27,30,30,31,31,30,30,24,22,11,4,1,1,0,0,0,0,0,0,6,6,12,20,42,65,96,107,120,105,65,33,15,10,0,0,0,9,58,68,98,77,26,0,0,0,81,78,74,70,69,70,68,68,71,77,80,83,14.07,9.91,6.41,0.82,-2.51,-3.29,-6.69,-6.42,-3.12,5.04,13.88,16.24
220,220,50.474481,-120.138688,1227,-2.2,1.8,6.5,10.3,15.6,19.1,22.7,22.9,17.6,10.5,2.1,-1.8,-12.4,-8.2,-4.1,-1.3,2.9,6.3,8.5,8.5,5.2,0,-5.6,-10.1,-7.3,-3.2,1.2,4.5,9.2,12.7,15.6,15.7,11.4,5.3,-1.8,-6,47,29,23,32,43,43,37,39,38,35,41,59,2.9,6,11.1,16.1,20,22.2,23.1,19.1,13.3,7,3.2,2.1,238,119,48,13,1,0,0,0,0,9,97,202,0,0,10,40,140,231,331,333,196,60,2,0,784,590,523,406,272,156,85,86,199,396,593,740,0,0,0,0,0,5,12,15,5,0,1,0,0,1,5,10,23,29,31,31,26,15,3,1,40,20,9,6,2,0,0,0,1,2,21,48,0,0,34,58,93,110,126,107,62,31,0,0,0,0,11,25,49,66,89,68,24,0,0,0,58,60,62,61,59,60,57,57,61,65,70,65,4.73,2.57,0.86,0.25,-2.07,-3.95,-6.93,-6.83,-3.65,0.32,3.57,5.86
221,221,50.922469,-119.633729,576,-1.9,3.1,9.5,15,21.2,24.6,28.1,27.8,21.5,12.4,4.2,-0.5,-8.3,-4.7,-0.9,2.1,6.2,10.3,12.5,12.3,8.3,3.2,-1.6,-5.5,-5.1,-0.8,4.3,8.6,13.7,17.5,20.3,20,14.9,7.8,1.3,-3,65,36,26,37,39,40,39,38,39,41,53,74,2.4,5.5,10.7,15.1,18.6,20.6,21.5,18.1,12.5,6.5,2.9,1.7,182,73,20,3,0,0,0,0,0,3,43,123,0,5,41,118,273,374,474,466,298,110,16,2,717,522,427,284,147,53,13,17,110,316,501,648,0,0,0,1,11,38,86,81,18,0,0,0,2,4,12,21,29,30,31,31,29,24,10,4,46,15,2,1,0,0,0,0,0,1,13,40,0,0,39,71,116,133,150,125,71,31,10,0,0,0,13,35,77,93,110,88,32,0,0,0,73,70,65,59,55,58,55,55,60,70,79,79,6.52,2.92,0.14,-1.86,-5.31,-7.05,-9.94,-9.78,-5.09,0.24,4.37,7.17
222,222,49.243894,-122.385253,299,4.3,7.6,10.9,13.7,17.9,20.3,23.4,24.1,20.6,14,8.2,5.3,-1,1.5,3.1,4.4,7.9,10.4,12.5,13,10.9,6.9,2.7,0.9,1.7,4.6,7,9.1,12.9,15.4,18,18.6,15.7,10.5,5.4,3.1,303,244,209,174,126,104,72,76,107,234,341,341,4,6.7,10.7,15.9,19.6,22,23.5,19.8,14.1,7.4,4.3,2.9,46,20,9,2,0,0,0,0,0,1,11,30,15,36,77,125,250,310,402,421,322,178,53,27,508,372,343,269,169,96,37,32,91,235,377,460,0,0,1,1,6,16,36,50,24,1,1,0,12,18,24,26,30,30,31,31,30,29,22,17,41,12,3,3,1,0,0,0,1,1,19,24,11,19,40,64,95,106,119,104,65,32,14,9,0,0,0,0,0,2,47,29,0,0,0,0,81,79,74,70,68,69,67,67,70,77,81,84,29.31,22.6,17.85,12.86,6.25,3.14,-1.79,-1.83,3.35,19,32.18,32.96
223,223,50.035094,-117.4035,1196,-2.9,1.3,6.4,11.6,16.8,20.3,24.2,24.1,18.5,9.6,1.5,-2,-8.2,-5.3,-2.3,0.7,4.5,8.3,11.5,11.4,7.5,2.1,-2.9,-6.4,-5.6,-2,2,6.1,10.6,14.3,17.8,17.7,13,5.8,-0.7,-4.2,129,73,74,72,64,74,55,60,55,95,119,139,1.8,5.2,10.1,14.4,18.1,20,21.4,18.1,11.6,5.4,1.9,1.2,193,94,39,7,0,0,0,0,0,7,74,154,0,0,17,66,181,279,398,395,241,69,6,0,731,555,497,357,227,121,39,45,159,378,560,686,0,0,0,0,2,10,34,36,9,0,1,0,2,3,8,16,27,30,31,31,29,21,8,3,95,42,21,6,1,0,0,0,1,4,49,94,0,0,33,61,96,112,128,108,63,27,0,0,0,0,0,0,32,38,72,48,7,0,0,0,77,73,69,64,61,63,62,62,66,74,83,81,12.93,6.84,5.84,3.52,-0.67,-1.25,-5.5,-4.96,-1.97,6.74,11.39,13.84
224,224,49.454604,-124.774144,131,4.4,7.1,10.6,13.3,18,20.7,23.7,24,19.9,13.5,7.8,5.4,-0.5,1.1,2.5,3.7,7.1,10,12.1,12.5,9.8,6.1,2.5,1,2,4.1,6.6,8.5,12.5,15.4,17.9,18.2,14.9,9.8,5.1,3.2,222,188,148,80,42,43,27,33,54,168,267,264,3.5,5.7,9.4,14.4,0.4,2.4,2.9,18.4,13,6.5,3.7,2.6,43,22,11,3,0,0,0,0,0,1,12,29,16,30,67,111,238,310,400,410,297,159,48,27,500,385,357,285,179,97,38,37,111,256,386,456,0,0,0,0,5,16,35,44,18,0,1,0,14,17,22,25,30,30,31,31,30,29,21,18,27,11,3,2,0,0,0,0,1,1,17,18,10,18,40,63,97,110,123,105,65,32,13,9,0,0,0,0,56,67,96,72,11,0,0,0,83,79,73,69,66,67,65,65,68,76,81,85,21.21,17.18,11.94,3.76,-2.32,-3.27,-6.54,-6.02,-1.67,12.65,24.88,25.22
225,225,55.261859,-127.522239,609,-4.8,1.5,6.2,10.9,17.1,19.8,21.9,21.4,16.5,9.4,1.1,-3.5,-11.7,-6.5,-2.9,-0.2,3.7,6.6,9,8.8,5.2,1.5,-4.7,-9.2,-8.2,-2.5,1.7,5.3,10.4,13.2,15.5,15.1,10.8,5.4,-1.8,-6.4,59,44,32,34,50,60,59,52,60,82,63,62,2,4.4,9.3,13.9,17.9,19.5,19.5,16.1,10.4,4.5,2.4,1.4,261,104,42,10,0,0,0,0,0,8,98,214,0,0,11,49,175,245,325,313,181,62,0,0,813,569,508,381,232,146,89,101,216,391,594,752,0,0,1,0,2,6,11,11,4,1,2,0,1,2,7,13,25,29,31,31,26,19,5,1,52,28,10,4,1,0,0,0,2,5,33,53,0,0,28,53,93,108,113,91,51,21,0,0,0,0,0,19,44,48,55,38,0,0,0,0,70,68,67,63,58,59,61,62,64,73,76,76,5.87,4.04,1.82,0.31,-2.05,-2.19,-3.28,-3.52,-0.37,5.72,5.91,6.24
226,226,48.773272,-123.372204,55,6.4,9,12.1,14.4,18.3,20.8,23.5,24.2,20.7,14.7,9.7,7.5,1,3,4.2,5.4,8.2,10.7,12.6,12.9,10.9,7.4,3.9,2.7,3.7,6,8.2,9.9,13.3,15.8,18,18.5,15.8,11.1,6.8,5.1,131,93,72,46,33,34,19,26,33,80,144,144,3.9,6.6,10,15.2,19.3,21.2,22,19,13.8,7.1,4.3,2.9,27,13,7,2,0,0,0,0,0,1,7,18,32,54,101,146,260,322,405,419,325,194,76,50,445,332,307,244,159,87,36,33,89,215,336,398,0,0,1,2,7,19,37,49,24,2,1,0,18,21,26,27,30,30,31,31,30,30,24,23,8,2,1,0,0,0,0,0,0,0,5,4,12,20,43,65,96,109,121,106,67,34,16,10,0,0,0,19,64,75,102,80,34,0,0,0,81,79,74,71,68,69,67,66,69,76,80,84,11.67,7.08,3.71,-0.16,-3.06,-3.99,-6.95,-6.67,-3.92,3.46,11.95,12.71
227,227,49.134866,-116.031483,1315,-3.1,1.4,6.2,10.7,15.6,19.8,24.2,24.6,19,10.3,1.6,-2.3,-10.6,-6.6,-3.3,-0.3,3.5,7.1,10.3,10.2,6,0.7,-4.2,-8.6,-6.9,-2.6,1.4,5.2,9.5,13.5,17.2,17.4,12.5,5.5,-1.3,-5.4,93,56,61,59,71,65,37,35,41,59,103,98,3,6.8,11.5,15.6,19.5,21.9,23.5,20.4,13.5,7.1,3.2,2.2,227,107,45,10,0,0,0,0,0,8,88,187,0,0,14,52,149,254,380,385,227,63,4,0,771,573,516,386,263,140,49,51,171,389,580,723,0,0,0,0,0,7,26,31,8,0,0,0,1,2,6,13,25,29,31,31,27,17,5,1,77,37,22,8,2,0,0,0,1,3,49,77,0,0,34,59,92,113,132,116,69,31,0,0,0,0,0,0,22,49,95,80,28,0,0,0,68,68,65,63,62,61,59,57,60,68,77,73,9.34,5.26,4.67,2.7,0.65,-2.26,-7.86,-8.45,-4.34,2.78,9.79,9.8
228,228,49.782818,-124.191254,160,5.6,8.1,11.4,14.3,19.1,21.5,24.3,24.5,20.6,14.3,8.8,6.4,1,2.8,4.2,5.6,8.9,11.8,13.8,14,11.4,7.5,3.7,2.4,3.3,5.4,7.8,10,14,16.6,19.1,19.2,16,10.9,6.2,4.4,142,120,97,67,56,61,37,41,58,122,167,167,3.2,5.7,9.4,14.4,18.6,20,21,18.1,12.7,6.1,3.4,2.2,31,16,7,2,0,0,0,0,0,1,9,22,28,47,93,147,282,348,436,442,331,189,66,40,459,348,319,242,139,69,23,24,85,221,354,420,0,0,2,2,11,27,56,63,26,2,2,0,18,21,26,28,31,30,31,31,30,30,24,22,11,4,1,1,0,0,0,0,0,0,7,7,10,18,39,63,98,109,120,103,63,32,13,8,0,0,0,0,42,47,84,61,5,0,0,0,84,82,76,71,68,70,68,68,71,78,82,86,12.98,10.11,6.56,1.88,-1.11,-1.47,-5.55,-5.13,-1.26,7.83,14.58,15.31
229,229,49.184605,-123.816139,-70,7.1,8.9,11.6,13.7,18.1,20.5,23.4,23.9,20.1,14.1,10.1,7.5,1.2,2.9,4.4,5.7,9.1,11.9,14,14.3,11.8,7.5,3.9,2.9,4.2,5.9,8,9.7,13.6,16.2,18.7,19.1,16,10.8,7,5.2,142,113,92,56,42,36,24,29,42,96,157,166,-9999,-9999,-9999,-9999,-9999,-9999,-9999,-9999,-9999,-9999,-9999,-9999,24,14,7,2,0,0,0,0,0,1,7,17,37,53,97,141,270,335,424,437,330,188,80,51,432,335,312,249,150,78,27,26,86,223,330,394,0,0,2,2,9,23,49,60,26,2,1,0,18,21,27,28,31,30,31,31,30,30,24,23,8,3,1,1,0,0,0,0,0,0,5,5,13,20,40,61,91,101,113,99,61,32,16,10,0,0,0,5,50,65,89,70,19,0,0,0,80,80,76,74,72,73,72,71,74,78,79,84,12.57,9.16,5.98,1.31,-1.72,-3.04,-5.73,-5.5,-2.26,5.47,13.16,14.88
230,230,49.478641,-123.863974,39,6.1,8.5,11.5,13.9,18.2,20.5,23.2,23.7,20,14.2,9.4,7.1,0.8,2.7,4.2,5.4,9,11.6,13.6,13.9,11.5,7.5,3.7,2.4,3.5,5.6,7.8,9.7,13.6,16,18.4,18.8,15.8,10.8,6.5,4.7,141,113,92,62,49,49,27,33,49,105,163,168,3.4,5.9,9.7,14.7,18.7,20.2,21.1,18.4,13,6.3,3.5,2.5,29,15,7,2,0,0,0,0,0,1,8,20,29,49,93,139,269,330,416,428,323,187,71,45,454,343,317,251,151,82,31,29,91,223,345,409,0,0,2,2,9,21,44,54,24,2,1,0,17,21,26,27,31,30,31,31,30,30,24,22,10,3,1,1,0,0,0,0,0,0,6,6,11,19,40,62,92,102,113,98,61,32,15,10,0,0,0,0,44,53,86,66,12,0,0,0,82,80,75,72,71,72,71,70,74,78,81,84,12.74,9.34,6.04,1.69,-1.19,-1.96,-5.49,-5.21,-1.61,6.29,14.01,15.22
231,231,49.358628,-121.701821,358,2.9,6.8,10.6,13.7,18,20.4,23.7,24.2,20.6,13.5,7.3,4.1,-2,0.8,2.7,4.4,7.8,10.5,12.8,13.2,10.7,6.2,2.2,-0.2,0.4,3.8,6.6,9.1,12.9,15.5,18.2,18.7,15.6,9.8,4.8,2,269,190,156,136,100,87,62,66,91,192,279,291,4,7.2,11.6,16.3,19.8,22.2,24,20.4,14.9,8.2,4.5,2.9,62,24,10,2,0,0,0,0,0,1,14,40,9,28,72,126,248,313,411,424,320,161,44,18,547,394,354,269,170,94,33,31,93,253,397,494,0,0,1,1,6,16,41,52,23,0,1,0,10,16,23,26,30,30,31,31,30,29,21,14,55,13,3,2,1,0,0,0,1,1,20,33,10,18,39,64,95,106,120,104,66,32,13,8,0,0,0,0,0,19,58,39,0,0,0,0,81,79,73,70,68,69,67,67,69,76,83,85,26.18,17.44,12.72,9.04,3.59,1.33,-3.02,-2.91,1.66,14.9,26.21,28.21
232,232,49.189385,-123.935646,20,6.2,8.5,11.5,14,18.3,20.7,23.6,24.1,20.4,14.3,9.5,7.1,0.6,2.4,3.9,5.2,8.6,11.4,13.6,13.8,11.4,7.1,3.5,2.3,3.4,5.4,7.7,9.6,13.4,16,18.6,19,15.9,10.7,6.5,4.7,145,117,93,55,40,44,24,29,42,96,158,171,-9999,-9999,-9999,-9999,-9999,-9999,-9999,-9999,-9999,-9999,-9999,-9999,30,16,8,2,0,0,0,0,0,1,8,20,29,46,91,137,265,330,422,433,327,184,71,44,455,348,322,254,155,81,28,27,88,227,346,411,0,0,1,1,8,21,47,57,25,1,1,0,17,20,26,27,30,30,31,31,30,30,24,22,10,4,1,1,0,0,0,0,0,0,6,6,12,20,41,63,94,105,117,102,63,33,15,10,0,0,0,8,54,61,93,73,22,0,0,0,80,79,74,71,70,71,70,69,72,77,80,83,13.16,9.68,6.09,0.98,-2.17,-2.66,-6.16,-5.98,-2.65,5.23,13.46,15.49
233,233,50.186889,-126.252932,936,2,3.8,5.2,7.5,12.6,15.2,18.7,19.4,16.2,10,4.5,2.3,-3.6,-2.6,-1.3,0.1,3.4,6,9.1,9.6,7.8,3.5,-0.5,-2.8,-0.8,0.6,2,3.8,8,10.6,13.9,14.5,12,6.8,2,-0.3,316,284,216,122,64,76,59,57,90,294,386,402,3.8,5.8,9.5,13.8,19.2,20.6,21.3,18.5,13.3,6.9,3.9,2.8,82,53,39,16,1,0,0,0,0,5,35,69,0,1,6,27,106,169,276,294,214,87,12,3,585,484,499,426,311,222,129,113,184,349,480,563,0,0,0,0,0,2,5,8,6,0,1,0,7,7,11,15,25,29,31,31,29,25,13,8,93,77,63,32,5,1,1,1,2,8,74,104,0,15,28,45,75,87,98,86,53,26,11,0,0,0,0,0,11,11,40,29,0,0,0,0,78,76,77,75,70,70,70,69,73,78,82,80,31.02,27.47,20.41,10.34,2.24,1.98,-1.18,-1.64,3.19,26.59,37.51,39.51
234,234,49.707707,-123.78373,439,3.5,6.7,9.7,12.5,17.1,19.5,22.6,23.1,19.3,12.8,7,4.4,-1.4,0.6,2.2,3.7,7.2,9.8,12,12.6,10.3,6,1.7,0,1.1,3.7,5.9,8.1,12.1,14.6,17.3,17.9,14.8,9.4,4.3,2.2,298,228,194,148,119,98,57,61,113,234,319,305,3.2,5.9,9.6,14.6,18.7,20.5,21.5,18.4,12.6,6.4,3.4,2.3,53,25,13,3,0,0,0,0,0,2,16,38,11,26,56,101,226,289,381,399,295,149,37,19,527,397,376,299,191,113,48,43,112,268,410,486,0,0,0,0,4,11,26,38,17,0,1,0,11,15,21,24,30,30,31,31,30,28,19,15,49,17,6,4,1,0,0,0,1,1,27,31,10,18,37,59,91,102,115,99,61,30,13,8,0,0,0,0,0,4,57,38,0,0,0,0,82,79,75,71,69,70,68,68,72,77,81,85,28.92,21.19,16.78,10.88,5.77,2.86,-2.87,-2.7,4.53,19.49,30.27,29.5
235,235,55.198087,-127.688284,1070,-5.4,-0.6,2.9,6.5,13,15.3,17.6,17,12.9,6.4,-0.6,-4,-12.1,-7.9,-5.2,-2.6,1.3,4.2,6.5,6.6,3.2,-0.7,-6.7,-10.3,-8.8,-4.3,-1.2,1.9,7.1,9.8,12.1,11.8,8,2.9,-3.7,-7.1,87,70,48,45,52,73,61,64,72,106,90,98,1.5,3.3,8,12.8,17,18.5,18.4,14.7,8.7,3.2,1.6,1,273,144,87,31,2,0,0,0,2,22,143,235,0,0,0,11,86,145,219,211,104,31,0,0,829,620,597,482,337,248,185,193,299,471,650,776,1,1,2,0,0,1,2,2,1,2,3,1,1,1,3,7,18,26,30,30,23,13,2,1,79,56,36,23,6,2,1,2,7,24,63,87,0,0,0,41,77,88,94,75,43,18,0,0,0,0,0,0,26,15,34,11,0,0,0,0,71,69,69,67,62,64,65,67,68,75,75,73,8.69,6.87,4.14,2.94,0.72,1.23,-1,-0.31,2.77,8.98,8.84,9.8
236,236,54.938144,-128.178841,1345,-5.4,-1.2,1.8,5.3,11.2,13.6,16,15.5,11.5,5.3,-1.5,-4.4,-11.7,-7.7,-5.9,-3.7,0.4,3.2,5.7,6.2,3.1,-1.1,-7.2,-10.1,-8.5,-4.5,-2,0.8,5.8,8.4,10.9,10.8,7.3,2.1,-4.3,-7.2,189,150,97,88,63,70,56,73,108,262,252,206,2.9,5.2,10.1,14.2,18.9,20.2,20.3,17.1,11.5,5.5,3.2,1.9,268,149,105,45,4,1,0,0,2,30,159,238,0,0,0,3,58,109,180,179,86,25,0,0,823,625,623,516,379,288,222,224,323,496,670,779,1,1,2,0,0,0,0,1,1,2,3,1,1,1,3,5,15,24,30,30,23,11,2,1,170,124,81,61,14,4,2,3,13,84,190,184,0,0,0,39,70,82,88,69,39,17,0,0,0,0,0,0,8,12,32,0,0,0,0,0,73,73,70,67,64,66,67,70,72,77,76,75,18.86,14.99,9.21,7.61,2.75,1.94,-0.89,1.27,7.08,24.85,25.15,20.61
237,237,49.666394,-123.162099,404,3.1,6.7,8.8,11.6,16.1,18.7,21.9,22.5,19.1,12.3,6.5,3.7,-2.3,0.1,1.6,3.2,6.6,9.2,11.7,12.2,9.9,5.4,1,-0.9,0.4,3.4,5.2,7.4,11.4,14,16.8,17.4,14.5,8.8,3.8,1.4,301,262,232,151,111,94,57,71,114,264,370,343,4.1,6.5,10.4,15.6,20,22.7,23.8,19.8,13.5,7,4.2,3.2,63,27,16,4,0,0,0,0,0,2,20,46,7,23,44,86,202,268,366,384,285,135,30,13,548,405,400,318,210,129,58,51,121,285,428,511,0,0,0,0,2,8,21,31,15,0,1,0,9,14,20,24,29,30,31,31,30,28,17,13,62,22,12,6,1,0,0,0,1,2,39,48,10,18,35,56,87,99,111,97,61,30,13,8,0,0,0,0,0,5,54,26,0,0,0,0,79,77,76,72,69,70,69,68,71,77,81,83,29.33,24.68,20.95,11.71,5.41,2.83,-2.44,-1.41,4.81,22.73,35.54,33.46
238,238,51.023481,-119.029,512,-2.1,2.6,8.7,14.7,20.8,24.2,27.9,27.4,21.1,12,3.8,-0.6,-7.8,-4.3,-0.8,2.6,6.8,10.6,12.7,12.6,8.6,3.9,-1,-5,-5,-0.9,3.9,8.6,13.8,17.4,20.3,20,14.9,7.9,1.4,-2.8,86,47,37,44,49,54,48,45,49,55,68,97,2.2,5.1,10.4,14.6,18.3,20.1,20.9,17.5,11.8,5.7,2.4,1.5,178,74,23,3,0,0,0,0,0,3,41,119,0,4,37,119,276,371,474,465,297,113,16,3,713,524,438,283,144,54,13,17,111,313,498,642,0,0,0,1,11,37,85,80,18,0,0,0,2,4,13,22,29,30,31,31,29,25,12,4,59,20,4,1,0,0,0,0,0,1,16,51,0,0,36,69,113,130,147,122,69,29,10,0,0,0,0,25,64,76,99,77,20,0,0,0,76,73,68,61,57,59,56,57,62,73,82,82,8.55,4.12,1.54,-0.82,-3.86,-5.16,-8.61,-8.44,-3.63,1.88,5.94,9.46
239,239,50.908014,-119.438283,528,-1.6,3.1,9.3,15,21.2,24.5,28,27.6,21.2,12.3,4.6,-0.1,-7.7,-4.2,-0.6,2.5,6.7,10.7,12.9,12.7,8.6,3.7,-1.1,-5,-4.7,-0.6,4.4,8.8,13.9,17.6,20.4,20.2,14.9,8,1.8,-2.5,72,38,28,38,42,43,42,41,41,43,56,80,2.5,5.4,10.6,15.2,18.8,20.6,21.6,18.1,12.5,6.3,2.6,1.8,170,69,20,3,0,0,0,0,0,3,37,113,0,5,42,123,280,377,479,470,298,114,19,3,704,515,424,278,141,51,12,16,110,311,487,633,0,0,0,1,12,40,89,84,18,0,0,0,2,5,13,22,29,30,31,31,29,25,12,4,48,15,2,1,0,0,0,0,0,1,12,39,0,0,38,71,115,132,148,123,69,30,11,0,0,0,10,33,73,89,106,82,28,0,0,0,74,72,66,60,56,59,56,57,62,72,80,80,7.17,3.09,0.42,-1.68,-4.87,-6.51,-9.37,-9.1,-4.45,0.5,4.55,7.72
240,240,51.235759,-118.940548,503,-2.4,2.3,8.4,14.6,21,24.3,27.8,27.2,21,11.6,3.4,-1,-8.1,-4.6,-1.1,2.5,6.8,10.5,12.7,12.5,8.6,3.9,-1,-5.2,-5.2,-1.1,3.6,8.5,13.9,17.4,20.3,19.9,14.8,7.8,1.2,-3.1,94,53,40,45,55,67,57,55,58,63,76,100,2,4.7,10.1,14.4,18,19.5,20.4,17,11.2,5.3,2.1,1.3,185,79,25,3,0,0,0,0,0,3,45,126,0,4,33,118,279,370,474,460,294,108,15,2,721,532,448,285,142,55,13,18,113,318,505,651,0,0,0,1,12,36,85,77,17,0,0,0,2,4,11,22,29,30,31,31,29,25,12,4,66,25,5,1,0,0,0,0,1,1,19,56,0,0,36,69,114,130,146,121,68,28,9,0,0,0,0,24,58,63,89,66,10,0,0,0,76,73,67,61,57,59,56,57,62,74,84,82,9.35,4.72,1.97,-0.68,-3.37,-3.91,-7.62,-7.31,-2.59,2.88,6.76,9.83
241,241,49.315648,-121.413248,978,0.2,3.9,8.2,10.7,15.1,18.2,21.9,22.3,18.3,11.2,4.6,1.3,-5.5,-2.8,-0.9,1.1,4.5,7.6,10.4,10.8,7.9,3,-1.7,-4,-2.6,0.6,3.7,5.9,9.8,12.9,16.2,16.5,13.1,7.1,1.5,-1.3,242,151,125,107,79,72,50,54,78,163,251,249,3.8,6.9,11,15.8,19.6,22.3,23.8,19.8,14,7.7,4.2,2.7,119,54,25,8,0,0,0,0,0,4,41,88,0,5,27,58,157,237,347,359,244,94,12,3,641,485,446,365,254,152,72,68,156,339,496,596,0,0,0,0,0,5,15,22,9,0,1,0,4,7,12,18,27,29,31,31,29,23,10,6,112,41,15,10,2,0,0,0,1,4,58,90,0,16,37,57,88,102,116,100,62,30,12,0,0,0,0,0,8,30,66,46,0,0,0,0,76,75,69,68,66,66,65,65,67,73,77,79,23.87,14.15,10.34,7.6,2.03,0.07,-4.07,-3.84,0.76,12.93,24.05,24.39
242,242,50.374723,-119.102077,1454,-4.4,-0.2,4.7,9,14.8,17.8,21.2,21.1,16.4,8.6,-0.3,-3,-11.7,-8,-5.6,-1.6,2.9,6.2,9,10.4,5.5,0.3,-6.3,-10.8,-8.1,-4.1,-0.5,3.7,8.9,12,15.1,15.7,11,4.4,-3.3,-6.9,124,75,60,53,66,53,52,46,49,77,98,132,4.9,7.6,12.5,16.8,20.5,22.5,24,20.8,15.4,8.9,5.2,3.7,257,141,73,17,1,0,0,0,0,12,134,228,0,0,3,32,129,210,314,334,185,48,0,0,808,616,575,429,284,181,98,85,212,422,639,768,0,0,0,0,0,3,9,15,4,0,0,0,1,1,3,9,23,29,31,31,27,16,3,1,110,60,39,14,3,0,0,0,2,8,66,116,0,0,0,53,88,102,115,93,58,26,0,0,0,0,0,1,23,49,63,47,8,0,0,0,68,68,62,63,62,63,63,67,65,72,75,67,12.41,7.36,4.98,2.77,0.61,-2.25,-4.27,-4.3,-1.86,5.29,9.62,13.2
243,243,49.091946,-121.121229,1175,-0.4,3.4,7.4,10.9,15.7,19.2,23.4,23.7,19.2,11.4,3.8,0.6,-6.7,-4.2,-2.2,-0.3,3.2,6.5,9.5,9.7,6.7,2.1,-2.8,-5.2,-3.5,-0.4,2.6,5.3,9.5,12.8,16.4,16.7,13,6.7,0.5,-2.3,167,97,97,66,48,45,35,35,40,95,176,167,4.2,7.7,12.2,17,20.4,23.2,24.7,21.1,15.5,8.5,4.7,3.1,141,66,33,10,1,0,0,0,0,5,54,108,0,2,18,50,147,234,355,363,239,86,8,0,669,510,479,382,265,153,66,64,159,350,525,627,0,0,0,0,0,5,17,23,9,0,0,0,3,5,9,13,24,29,31,31,28,21,8,4,93,36,21,8,2,0,0,0,1,3,53,79,0,0,37,60,94,111,129,112,68,32,12,0,0,0,0,0,46,66,94,77,29,0,0,0,73,71,66,63,60,61,58,58,61,69,75,76,16.51,8.94,7.81,3.34,-1.69,-3.79,-7.35,-7.63,-4.27,5.88,16.63,16.35
244,244,49.433939,-119.54611,998,-1.8,2.3,8.2,12.5,17.8,21.8,25.6,25.5,20.3,12.2,3.2,-1.1,-8.2,-4.9,-1.7,0.8,4.6,8.3,10.9,11.1,7.2,2,-2.9,-6.5,-5,-1.3,3.3,6.7,11.2,15,18.2,18.3,13.7,7.1,0.2,-3.8,46,33,32,36,47,42,25,39,27,34,40,59,2.7,6,10.6,15.4,19,21.2,22.9,19,13,6.7,2.9,1.7,179,81,27,6,0,0,0,0,0,4,59,143,0,2,28,75,197,301,411,413,263,94,9,0,715,536,459,341,214,104,33,36,140,339,535,672,0,0,0,0,3,14,41,45,12,0,0,0,2,4,10,17,27,30,31,31,28,21,8,3,32,16,5,2,1,0,0,0,0,1,13,37,0,0,38,65,102,123,139,118,71,34,11,0,0,0,6,29,55,81,115,79,45,0,0,0,73,72,66,62,59,59,57,57,60,67,77,77,4.65,2.72,1.09,-0.51,-2.88,-5.52,-9.87,-8.34,-6.11,-0.55,3.21,5.74
245,245,50.252174,-121.511525,1004,-2.2,2.2,7.4,11.6,17.1,20.2,24,24.1,19.1,11.1,2.8,-1.3,-8.7,-5.2,-2.1,0.8,5.1,8.5,11.2,11.5,7.8,2.6,-3.3,-7.2,-5.4,-1.5,2.7,6.2,11.1,14.3,17.6,17.8,13.5,6.9,-0.2,-4.3,84,43,26,25,30,30,23,28,28,44,66,78,3.2,6,10.4,15.5,19.1,21.9,22.7,18.5,12.5,6.5,3.3,2.6,190,85,32,7,0,0,0,0,0,5,66,155,0,1,21,66,194,280,392,397,256,89,6,0,727,542,477,355,217,120,42,44,146,346,547,687,0,0,0,0,3,10,31,37,11,0,0,0,2,3,9,17,28,30,31,31,29,22,7,2,61,22,5,2,0,0,0,0,0,1,24,53,0,0,35,60,96,111,127,107,64,30,0,0,0,0,9,36,67,81,104,79,36,0,0,0,73,71,66,64,62,64,62,62,65,72,77,75,8.45,3.8,0.81,-1.18,-4.07,-5.39,-8.39,-7.87,-4.9,1.05,5.9,7.74
246,246,49.741221,-123.909369,634,2.6,5.6,8.8,11.7,16.4,18.8,22,22.6,18.7,12.2,6.1,3.5,-2.7,-0.7,0.8,2.4,6,8.6,10.9,11.7,9.4,5,0.4,-1.3,0,2.4,4.8,7,11.2,13.7,16.5,17.1,14.1,8.6,3.3,1.1,301,236,198,155,128,117,65,68,124,257,327,312,3.1,5.6,9.4,14.5,18.9,20.8,21.7,18.3,12.3,6.1,3.2,2.2,69,34,18,5,0,0,0,0,0,2,23,50,5,15,39,78,196,261,357,377,274,129,25,11,561,432,411,330,215,134,64,55,131,292,442,521,0,0,0,0,2,7,18,28,13,0,1,0,8,12,17,21,29,30,31,31,29,27,16,11,71,31,12,7,2,0,0,0,2,2,41,49,0,17,36,58,90,102,115,98,60,30,12,8,0,0,0,0,0,0,50,30,0,0,0,0,80,78,73,69,67,68,66,67,71,76,80,82,29.39,22.35,17.48,11.92,6.69,4.75,-2.21,-2.05,5.75,21.97,31.26,30.33
247,247,50.031322,-124.99227,34,5.5,8.1,11.5,14.3,19.1,21.7,24.4,24.7,20.3,14,8.8,6.3,-0.1,1.8,3.1,4.5,7.9,10.6,12.6,12.8,9.8,6.2,2.8,1.5,2.7,5,7.3,9.4,13.5,16.2,18.5,18.7,15.1,10.1,5.8,3.9,172,139,119,73,53,59,40,42,61,151,206,208,3.3,5.5,9.3,14,18.8,20.2,21,18.1,12.8,6.2,3.4,2.4,36,18,9,2,0,0,0,0,0,1,10,25,22,40,81,132,268,334,419,425,303,168,58,34,477,361,335,259,152,78,29,30,106,245,367,435,0,0,1,2,9,22,45,53,19,1,1,0,15,18,24,26,30,30,31,31,30,29,22,19,16,6,2,1,0,0,0,0,1,1,10,11,11,19,41,65,101,114,125,107,65,32,14,9,0,0,0,0,48,55,85,66,4,0,0,0,80,78,72,68,65,66,64,64,67,75,80,83,16.04,11.95,8.65,2.54,-1.63,-2.12,-5.56,-5.54,-1.12,10.7,18.52,19.41
248,248,49.515626,-123.96076,242,4.8,7.5,10.7,13.3,17.7,20.1,23.2,23.6,19.8,13.6,8.2,5.8,-0.1,1.7,3.1,4.5,8,10.7,12.8,13.2,10.8,6.7,2.8,1.4,2.4,4.6,6.9,8.9,12.9,15.4,18,18.4,15.3,10.2,5.5,3.6,183,144,121,83,64,64,35,36,66,140,212,212,3.1,5.6,9.4,14.5,18.5,20,21,18.1,12.7,6.1,3.3,2.1,39,19,10,3,0,0,0,0,0,1,11,27,19,35,74,121,248,311,403,415,310,170,53,31,487,371,346,274,171,95,37,35,100,243,376,444,0,0,1,0,6,16,36,46,21,0,1,0,15,18,24,26,30,30,31,31,30,29,22,19,19,7,2,1,0,0,0,0,1,0,12,12,10,18,39,62,93,103,116,100,62,31,14,9,0,0,0,0,28,39,81,65,0,0,0,0,83,80,74,71,69,70,69,68,72,77,81,84,17.17,12.63,9.18,3.99,0.27,-0.63,-5.09,-5.32,-0.23,9.78,19.22,19.94
249,249,48.428822,-123.712421,139,6.4,8.7,11.6,13.5,17.6,20.1,22.1,22.9,20.5,14.5,9.5,7.1,1.2,2.6,3.9,4.9,7.6,9.9,11.7,12.1,10.4,7,3.9,2.7,3.8,5.7,7.7,9.2,12.6,15,16.9,17.5,15.5,10.8,6.7,4.9,240,172,128,87,40,38,22,29,49,144,247,249,3,5.9,9.1,13.9,17.8,19.5,20.2,17.5,12.9,6.3,3.3,2.3,27,15,8,2,0,0,0,0,0,1,7,19,32,48,89,127,240,299,370,388,314,186,73,46,442,341,321,266,178,105,55,49,97,225,340,403,0,0,0,0,5,13,22,32,22,0,0,0,18,20,26,27,30,30,31,31,30,29,24,23,15,5,1,1,0,0,0,0,0,0,9,8,12,21,42,62,94,107,114,101,67,35,16,10,0,0,0,0,55,70,92,72,19,0,0,0,82,79,74,72,68,68,68,67,69,75,81,85,22.52,15.1,9.48,4.43,-2.16,-3.38,-5.84,-5.62,-2.37,9.82,22.32,23.33
250,250,54.419821,-124.449854,815,-6.4,0,4.9,9.6,16.2,19.3,22.2,21.9,16.8,9.4,-0.2,-5,-15.2,-9.6,-5.9,-1.6,2.5,5.8,8.2,7.9,4,-0.2,-6.9,-12.2,-10.8,-4.8,-0.5,4,9.3,12.6,15.2,14.9,10.4,4.6,-3.6,-8.6,57,40,39,28,42,56,47,46,44,60,63,68,2.4,5,10.2,14.5,18.6,21.1,20.7,17.8,11.5,5.3,2.8,1.8,337,157,73,15,1,0,0,0,1,11,140,273,0,0,3,34,143,227,317,304,168,50,0,0,892,635,575,420,269,159,96,105,229,416,647,822,0,0,0,0,0,4,9,10,3,0,1,0,0,1,3,9,22,28,31,31,25,14,2,0,54,34,26,7,2,0,0,0,2,6,43,64,0,0,0,51,92,108,118,97,55,24,0,0,0,0,0,24,50,52,71,51,11,0,0,0,62,61,60,62,57,58,58,58,60,67,72,69,5.68,3.97,2.99,0.2,-2.4,-2.54,-5.12,-5.06,-2.52,3.46,6.11,6.82
251,251,57.671286,-128.655677,1553,-7.7,-3,-1,4.3,10.8,13.7,15.6,14.8,10,2.8,-5.2,-7.1,-14.6,-11,-9,-6.2,-1.3,2.3,4.5,4.4,1.3,-3.3,-11.4,-12.6,-11.2,-7,-5,-1,4.7,8,10,9.6,5.7,-0.3,-8.3,-9.8,81,65,58,44,61,71,74,56,74,110,76,97,2.5,5.3,11.1,16.8,20,20.1,19.6,16.4,11.2,5.7,3.2,1.7,348,212,181,75,6,1,0,0,4,64,250,301,0,0,0,0,43,99,154,141,56,12,0,0,903,697,716,569,411,301,248,262,371,568,789,860,1,1,3,2,0,0,0,0,0,3,3,2,0,0,1,2,10,22,29,28,18,6,1,0,78,62,56,38,20,5,3,3,14,72,71,93,0,0,0,0,69,82,86,66,34,0,0,0,0,0,0,0,8,11,12,10,0,0,0,0,69,66,67,61,59,63,64,67,70,77,73,75,8.11,6.54,5.75,3.54,2.76,1.87,0.77,-0.34,4.36,10.2,7.61,9.67
252,252,49.343235,-124.632005,345,2.9,5.6,9.1,11.5,16,18.8,21.7,22.1,18.3,12,6.3,3.9,-1.6,-0.1,1.2,2.5,6,8.8,11.1,11.6,9.3,5.2,1.1,-0.1,0.7,2.7,5.1,7,11,13.8,16.4,16.8,13.8,8.6,3.7,1.9,268,230,186,105,54,51,29,38,63,205,309,320,4.1,6.2,9.8,14.9,19.9,21.5,22.3,19.1,13.7,7,4.2,3,59,32,16,5,0,0,0,0,0,2,20,41,8,16,43,78,192,264,355,368,266,129,29,15,540,424,401,330,218,132,66,61,137,291,429,497,0,0,0,0,1,8,18,25,12,0,0,0,11,13,18,22,29,30,31,31,29,27,18,15,51,26,10,5,1,0,0,0,1,2,33,38,9,17,37,58,89,101,113,97,59,30,12,8,0,0,0,0,34,51,84,59,0,0,0,0,83,80,73,70,68,69,67,68,72,77,82,86,26.07,21.76,16.3,7.1,-0.27,-1.67,-5.25,-4.51,-0.01,17.01,29.49,31.08
253,253,49.291952,-124.928306,279,4,6.8,10.4,13.5,18.4,20.9,24.5,25.1,21.3,14,7.5,4.9,-0.9,0.6,2,3.3,6.7,9.6,11.7,12.2,9.8,6.1,2.3,0.6,1.5,3.7,6.2,8.4,12.6,15.2,18.1,18.6,15.5,10,4.9,2.8,315,282,225,147,73,55,35,45,78,260,395,390,3.8,6.3,9.7,14.6,19.5,21,21.8,18.8,13.7,7.1,4.1,2.7,48,25,12,3,0,0,0,0,0,1,13,33,14,26,62,108,238,306,407,423,316,167,45,23,513,396,368,290,179,100,34,31,96,247,393,469,0,0,0,0,5,15,39,51,22,0,0,0,13,15,21,24,29,30,31,31,29,29,21,17,44,21,6,3,0,0,0,0,1,1,27,32,10,18,40,65,101,113,130,113,71,33,13,8,0,0,0,0,27,58,95,69,0,0,0,0,82,78,71,67,63,65,62,62,65,74,82,85,30.6,26.65,19.63,10.36,0.42,-2.46,-6.69,-6.11,-0.32,21.44,37.79,37.89
254,254,49.451643,-124.165379,-51,6.5,8.8,11.7,14.1,18.6,21.1,23.8,24.1,20.1,14.2,9.7,7.2,0.9,2.6,3.8,5.3,8.8,11.6,13.8,13.9,11.3,7.1,3.6,2.4,3.7,5.7,7.8,9.7,13.7,16.3,18.8,19,15.7,10.7,6.7,4.8,128,103,82,51,40,43,24,28,43,94,146,156,3.4,5.8,9.5,14.7,19,20.5,21.3,18.4,13.1,6.4,3.6,2.4,28,15,7,2,0,0,0,0,0,1,7,19,32,49,92,140,273,340,427,434,321,183,74,46,446,341,319,250,147,74,26,27,92,228,341,406,0,0,1,2,9,24,50,58,23,1,1,0,17,20,26,27,30,30,31,31,30,29,24,22,8,3,1,1,0,0,0,0,0,0,5,5,12,20,41,63,96,107,117,101,62,33,15,10,0,0,0,12,56,64,92,73,19,0,0,0,80,79,74,71,69,71,70,69,72,76,79,83,11.35,8.22,4.95,0.53,-2.35,-2.92,-6.12,-5.97,-2.31,5.06,12.2,13.98
255,255,49.876176,-116.329355,1976,-5.3,-1.2,2.8,6.2,12,16,19.8,20.3,15.3,7,-1.1,-4.5,-12.4,-8.9,-6.2,-3.1,0.8,4.8,8.3,8.6,4.6,-1.1,-7.3,-11.4,-8.9,-5.1,-1.7,1.6,6.4,10.4,14.1,14.5,10,3,-4.2,-7.9,117,66,72,61,72,74,46,46,52,82,122,128,4.9,8.9,13.7,17.5,20.9,23,24.4,22.3,16.4,9.7,5.4,4,275,163,97,35,3,0,0,0,1,21,156,256,0,0,0,15,70,163,281,293,156,32,0,0,832,642,613,493,359,229,125,114,242,468,666,800,0,0,0,0,0,1,5,8,3,0,1,0,0,1,2,6,17,27,31,31,26,11,2,1,107,57,58,35,12,2,0,1,3,18,91,118,0,0,0,46,78,95,108,94,56,25,0,0,0,0,0,0,6,21,62,48,4,0,0,0,69,68,65,66,63,64,64,64,66,71,74,70,11.67,6.56,6.59,4.49,2.98,0.26,-4.34,-4.68,-1.52,6.26,12.12,12.81
256,256,49.060149,-117.044753,1765,-5.4,-1.9,2.4,6.2,10.4,14.7,19.6,19.7,14.6,6.3,-1.4,-4.1,-10.8,-8,-5.4,-2.5,1,4.5,8.3,8.7,5,-0.1,-6.1,-9.3,-8.1,-5,-1.5,1.8,5.7,9.6,13.9,14.2,9.8,3.1,-3.8,-6.7,213,139,154,113,126,122,68,71,86,130,183,211,5.7,9.1,13.5,17.6,21.4,23.9,25.3,22.7,16.5,9.7,5.8,4.3,257,161,93,32,4,0,0,0,1,20,145,223,0,0,0,16,57,140,277,285,151,33,0,0,808,639,606,486,382,253,129,120,247,463,653,763,0,0,0,0,0,0,5,7,3,0,0,0,1,1,3,7,18,27,31,31,26,14,3,1,189,119,121,61,29,4,1,1,5,26,130,183,0,0,0,45,70,89,108,92,54,23,0,0,0,0,0,0,0,0,40,21,0,0,0,0,76,74,70,69,69,67,65,66,69,77,80,77,21.33,13.92,14.76,9.7,9.31,6.2,-1.81,-1.48,2.64,11.31,18.17,21.12
257,257,49.340598,-124.924821,104,4.5,7.5,11.3,14.5,19.4,22,25.6,26.3,22.3,14.8,8.1,5.3,-0.4,1.1,2.4,3.8,7.2,10,12,12.4,9.8,6.4,2.8,1.2,2,4.3,6.9,9.1,13.3,16,18.8,19.3,16.1,10.6,5.5,3.2,295,264,209,136,70,53,33,42,74,238,367,358,3.4,5.9,9.4,14.4,19.3,20.7,21.5,18.4,13.2,6.8,3.7,2.4,42,21,10,2,0,0,0,0,0,1,11,29,17,33,75,126,261,329,429,444,333,183,54,28,497,379,347,267,159,82,25,23,84,229,376,454,0,0,0,0,7,21,52,65,27,1,1,0,14,17,22,25,30,30,31,31,30,29,22,18,35,14,4,2,0,0,0,0,0,1,21,24,10,19,42,68,106,118,136,119,75,35,14,8,0,0,0,0,36,65,103,77,0,0,0,0,82,78,70,65,62,64,60,59,62,73,82,86,28.51,24.68,17.75,8.71,-0.36,-3.08,-7.54,-7.14,-1.31,19.01,34.83,34.64
258,258,49.682996,-123.138434,404,3,6.5,8.9,11.8,16.3,18.9,22,22.7,19.2,12.4,6.4,3.6,-2.5,0,1.5,3.2,6.6,9.2,11.7,12.2,9.9,5.4,1,-1,0.3,3.2,5.2,7.5,11.5,14.1,16.9,17.4,14.5,8.9,3.7,1.3,304,265,233,152,112,96,59,71,114,271,372,347,2.8,5.3,9.4,14.8,19.2,21.8,22.9,18.6,12,5.6,2.8,2.2,64,28,16,4,0,0,0,0,0,2,20,48,7,22,45,88,204,272,368,386,287,136,30,13,552,409,398,316,208,127,56,50,119,283,429,515,0,0,0,0,2,9,22,32,16,0,1,0,9,13,20,24,29,30,31,31,30,28,17,12,65,24,11,6,1,0,0,0,1,2,40,51,10,18,35,57,88,100,112,98,61,30,12,8,0,0,0,0,0,5,53,27,0,0,0,0,79,77,75,72,69,70,68,68,71,77,81,83,29.67,25.03,20.99,11.74,5.46,2.85,-2.38,-1.5,4.66,23.33,35.75,33.85
259,259,50.756911,-120.865875,746,-2.6,2.8,9.6,14.5,20.4,24.1,27.3,27,21.4,13.1,3.6,-1.3,-10,-5.8,-1.8,1.2,5.9,9.6,11.6,11.4,7.6,2.3,-3.4,-7.8,-6.3,-1.5,3.9,7.9,13.2,16.9,19.5,19.2,14.5,7.7,0.1,-4.6,31,17,13,21,27,32,31,30,28,22,24,37,3.3,6.2,11,16,19.8,22.1,22.7,18.8,13,6.9,3.5,2.4,214,85,23,4,0,0,0,0,0,3,60,163,0,3,37,102,257,356,449,440,285,107,10,0,755,542,438,305,163,63,19,25,121,320,537,696,0,0,0,0,9,30,65,62,15,0,0,0,1,3,10,18,29,30,31,31,29,22,7,2,25,9,1,1,0,0,0,0,0,0,8,26,0,0,40,71,113,132,147,123,72,34,11,0,0,0,28,49,86,100,116,93,44,11,0,0,69,67,61,57,56,57,55,55,58,65,74,73,3.1,1.08,-1.27,-3.1,-6.26,-7.81,-10.49,-10.22,-6.43,-2.14,1.63,3.61
260,260,50.247817,-122.063918,1330,-2.6,1.2,5.6,9.5,14.8,17.9,21.3,21.6,16.7,9.2,1.1,-1.9,-8.9,-6.3,-4,-1.1,2.8,6.3,8.8,9.2,6.6,1,-4.7,-7.6,-5.8,-2.6,0.8,4.2,8.8,12.1,15.1,15.4,11.7,5.1,-1.8,-4.8,106,69,47,34,40,38,27,38,46,74,95,106,3.3,6.7,11.5,16.5,19.9,23.3,24,20,14.2,7.8,3.7,2.6,199,106,53,14,1,0,0,0,0,10,98,169,0,0,6,35,127,213,313,323,205,57,0,0,737,572,535,416,286,178,99,93,192,402,594,703,0,0,0,0,0,3,9,13,6,0,1,0,1,2,5,11,23,29,31,31,28,18,5,2,80,44,21,8,2,0,0,0,1,5,50,78,0,0,32,55,89,103,116,99,57,27,0,0,0,0,0,20,49,65,89,61,11,0,0,0,73,70,65,64,61,63,62,62,68,72,76,76,10.58,6.49,3.38,0.76,-1.86,-3.74,-6.74,-5.7,-2.06,4.83,9.09,10.62
261,261,49.370825,-120.13686,1195,-1.6,2.4,7.6,11.6,16.8,20.7,24.7,24.7,19.8,11.7,3.3,-0.7,-9.1,-5.7,-2.5,-0.1,3.5,6.8,9.7,9.9,6.3,1.6,-3.9,-7.3,-5.4,-1.6,2.5,5.8,10.1,13.8,17.2,17.3,13.1,6.6,-0.3,-4,51,29,28,34,36,36,29,40,27,28,45,58,2.1,5.2,10.1,14.8,18.4,20.9,22,17.9,12.1,5.9,2.3,1.4,189,87,34,8,0,0,0,0,0,5,68,148,0,0,20,59,166,262,378,382,243,84,6,0,726,545,482,367,238,134,50,52,157,353,549,678,0,0,0,0,0,8,25,30,9,0,0,0,1,3,8,14,25,29,31,31,28,20,6,2,37,16,6,3,1,0,0,0,0,1,17,38,0,0,37,63,99,119,137,116,71,33,0,0,0,0,9,29,63,83,107,76,44,5,0,0,68,68,64,62,58,58,56,56,59,67,73,72,5.05,2.39,0.89,-0.28,-3.73,-5.73,-9.12,-7.98,-6.05,-0.95,3.75,5.68
262,262,58.000465,-128.691394,1042,-8.2,-1.9,2.2,6.9,13.7,17.4,19.3,18.3,12.9,5.2,-3.9,-7.8,-17,-12.6,-9.6,-5,0.1,4.1,6,5.3,2.2,-2.2,-11.5,-14.7,-12.6,-7.3,-3.7,0.9,6.9,10.7,12.7,11.8,7.5,1.5,-7.7,-11.3,36,33,35,23,41,62,76,51,49,57,39,70,2,4.4,10.2,16.2,19.4,19.5,19.1,15.7,9.6,4.8,2.4,1.3,394,217,145,43,2,0,0,0,2,36,231,352,0,0,0,7,80,173,239,211,92,21,0,0,948,704,674,512,344,219,166,194,315,513,770,904,0,0,2,1,0,2,2,2,1,2,2,0,0,0,1,3,14,26,30,29,21,8,0,0,35,31,33,15,5,1,1,1,5,22,36,68,0,0,0,42,79,97,102,79,40,15,0,0,0,0,0,19,39,36,26,28,0,0,0,0,61,56,54,57,56,59,59,60,65,73,67,69,3.59,3.3,3.24,0.83,-0.73,-1.28,-0.78,-2.71,0.53,4.43,3.88,6.95
263,263,58.585921,-124.764074,1608,-8.2,-3.8,-2,1.5,8.7,13,15.2,14.6,9.4,2.8,-5.3,-7,-17.1,-13.3,-12,-7.4,-2.2,2.9,5,5.2,1.1,-4.3,-12.2,-14.7,-12.7,-8.5,-7,-2.9,3.2,7.9,10.1,9.9,5.3,-0.7,-8.8,-10.8,48,41,42,59,76,135,132,117,74,66,60,52,1.9,4.4,10.2,16,19.5,20.4,20.1,16.2,10.2,4.5,2.3,1.2,394,245,232,120,14,1,0,0,5,73,263,338,0,0,0,0,26,97,156,149,50,11,0,0,949,738,776,627,459,302,245,254,383,583,802,890,1,1,3,2,0,0,0,0,0,4,4,1,0,0,0,1,7,24,29,29,17,4,0,0,47,40,41,56,38,11,5,6,16,48,56,51,0,0,0,0,60,76,81,62,32,0,0,0,0,0,0,0,0,0,0,0,0,0,0,0,61,60,59,64,62,67,67,69,72,73,70,66,4.83,4.09,4.16,5.54,5.24,8.71,6.97,5.84,4.65,5.92,5.96,5.21
264,264,49.837629,-125.619105,748,2.1,4.6,7.7,10.4,15.5,17.9,21.5,21.8,18.1,11.2,5.2,2.8,-3.4,-1.8,-0.6,0.6,4.3,7.1,10.1,10.6,8.6,3.8,-0.5,-2.1,-0.6,1.4,3.6,5.5,9.9,12.5,15.8,16.2,13.3,7.5,2.3,0.4,291,251,207,108,58,61,48,58,81,262,340,354,2.9,5.2,8.8,13.3,18.2,19.3,20.1,17.2,12.2,6.2,3.2,2.1,79,44,25,9,0,0,0,0,0,4,31,60,2,7,23,50,158,226,336,348,251,102,16,7,580,460,449,376,253,159,80,75,150,326,470,544,0,0,0,0,0,4,13,18,10,0,0,0,7,9,13,16,26,29,31,31,29,25,13,9,82,50,26,12,2,0,0,0,1,5,59,74,0,16,35,56,89,101,114,97,59,29,12,8,0,0,0,0,31,40,66,39,0,0,0,0,78,77,71,67,64,66,65,66,70,75,79,81,28.53,24.06,18.77,7.9,-0.15,-0.83,-3.83,-2.91,1.53,22.85,32.82,34.65
265,265,53.811366,-121.59045,1421,-5.9,-1.5,1.9,5.8,12,15.6,18.2,18.2,13.1,6.6,-0.9,-4.6,-13.1,-9.2,-6.3,-3,1.5,4.6,6.8,7.6,3.8,-1.3,-7,-11.1,-9.5,-5.4,-2.2,1.4,6.7,10.1,12.5,12.9,8.5,2.7,-4,-7.8,178,129,109,81,81,116,97,89,114,173,168,174,3.3,6,11.8,16.2,19.6,21.8,21.4,18.9,12.3,6.3,3.8,2.6,297,170,108,37,2,0,0,0,1,24,150,254,0,0,0,10,77,155,234,247,114,29,0,0,851,650,628,498,349,237,170,160,287,476,659,797,0,1,2,0,0,1,2,4,2,0,2,1,0,1,2,6,19,27,30,30,24,11,2,1,166,113,93,49,12,3,1,2,9,42,122,159,0,0,0,40,73,90,98,80,44,20,0,0,0,0,0,0,0,0,1,0,0,0,0,0,69,68,68,68,65,65,64,67,69,72,74,72,17.82,12.85,10.42,6.71,4.06,5.06,2.05,1.46,6.72,15.62,16.67,17.35
266,266,50.15626,-117.654022,1392,-4,0.3,5.5,10.2,15.3,18.9,22.8,22.4,17,8.2,0,-3.3,-9.5,-6.6,-3.8,-0.7,3.3,6.9,10.2,10.1,6.5,1,-4.4,-7.9,-6.7,-3.2,0.8,4.8,9.3,12.9,16.5,16.2,11.7,4.6,-2.2,-5.6,158,94,89,75,70,80,62,63,62,122,146,172,2.6,6.6,11.5,15.4,18.9,20.7,22,19.1,13.2,7,3.1,1.5,224,119,53,12,1,0,0,0,0,12,107,192,0,0,9,44,142,236,358,350,206,50,1,0,767,589,534,398,270,152,64,74,190,417,606,728,0,0,0,0,0,5,18,19,6,0,1,0,1,2,5,12,24,29,31,31,28,18,5,2,129,67,41,12,3,0,0,0,2,11,82,137,0,0,32,57,91,107,122,102,59,25,0,0,0,0,0,0,20,26,59,39,0,0,0,0,76,72,66,64,61,63,62,63,66,75,81,80,15.82,9.15,7.68,4.47,0.72,-0.03,-4.11,-3.72,-0.75,9.99,14.24,17.24
267,267,49.5647,-119.632381,557,0,4.2,10.7,15.4,20.7,24.7,28.3,28.1,22.4,14.3,5.8,1.4,-5.6,-2.2,1.1,3.5,7.4,11,13.6,13.8,9.8,4.5,-0.1,-3.6,-2.8,1,5.9,9.5,14,17.9,20.9,20.9,16.1,9.4,2.9,-1.1,34,20,19,28,35,31,22,32,22,21,27,37,2.2,5.4,10.3,15.1,18.7,20.9,22.3,18.4,12.6,6.4,2.4,1.4,124,49,13,2,0,0,0,0,0,2,26,84,1,11,65,140,283,386,494,493,334,149,27,6,647,473,376,257,138,46,10,11,83,268,454,590,0,0,0,2,12,44,101,103,27,0,0,0,4,8,18,24,30,30,31,31,30,26,14,6,16,5,1,0,0,0,0,0,0,0,4,13,0,16,42,73,113,134,149,126,75,36,13,0,0,0,23,45,78,103,127,93,53,15,0,0,77,76,68,62,59,59,58,59,62,68,79,80,3.12,1.06,-1.13,-3.04,-5.11,-7.8,-11.38,-10.04,-7.05,-2.91,1.37,3.27
268,268,55.889537,-128.564875,1117,-5.3,-0.7,2.4,6.2,12.3,15.3,17.5,16.8,12.5,5.6,-1.2,-4,-11.5,-6.9,-4.3,-2,1.9,4.9,7.2,7.7,4.3,-0.1,-6.2,-9.2,-8.4,-3.8,-0.9,2.1,7.1,10.1,12.4,12.2,8.4,2.8,-3.7,-6.6,146,128,81,72,73,73,106,130,128,229,165,170,2.7,5,10.1,14.8,19.2,20.3,19.9,16.5,10.8,5.1,3,1.7,265,133,82,30,2,0,0,0,1,23,144,221,0,0,0,11,85,154,230,225,112,30,0,0,819,607,589,478,338,238,175,180,290,474,651,760,1,1,2,1,0,1,2,3,2,2,3,1,1,2,5,8,21,27,31,30,25,15,3,1,131,98,58,36,9,2,2,3,11,54,116,146,0,0,0,39,72,86,91,70,39,15,0,0,0,0,0,0,0,13,0,0,0,0,0,0,73,74,74,70,66,66,67,71,73,80,79,78,14.63,12.62,7.44,5.7,3.21,1.28,3.73,6.66,8.62,21.5,16.36,17.01
269,269,55.526734,-120.029269,792,-8.8,-2.3,2.5,10.4,17.1,20.3,22.4,22,16.4,10.2,-0.9,-5.9,-19.9,-14.4,-9.4,-2.2,3.2,7.7,9.6,8.7,4,-1.2,-11,-16.1,-14.3,-8.3,-3.4,4.1,10.1,14,16,15.4,10.2,4.5,-5.9,-11,44,25,36,22,44,86,73,60,54,30,37,37,2.4,5.4,11.3,16.2,19.6,21.6,21,17.6,10.9,5.7,2.7,1.7,446,242,139,15,0,0,0,0,1,12,196,343,0,0,0,40,166,269,341,322,163,49,0,0,1001,734,667,419,239,129,76,94,234,419,718,895,0,0,0,0,2,8,14,12,3,0,0,0,0,0,1,8,24,29,31,31,25,11,1,0,43,24,34,5,1,0,0,0,3,3,32,36,0,0,0,53,94,108,114,94,52,24,0,0,0,0,0,31,49,22,42,34,0,0,0,0,52,51,54,57,57,61,61,60,61,62,58,56,4.38,2.48,3.36,-0.56,-2.8,0.23,-2.28,-3.46,-1.22,0.2,3.73,3.7
270,270,49.014509,-119.455872,579,0.1,5.2,12,17.1,22.2,26.2,30.1,29.9,24.5,15.8,6.4,1.6,-6.9,-3.2,0.5,3.4,7.3,11.1,13.8,13.6,9.4,3.6,-1,-4.6,-3.4,1,6.2,10.2,14.7,18.7,22,21.7,17,9.7,2.7,-1.5,34,26,24,25,35,31,19,29,16,20,33,49,2.1,5.6,10.5,15.3,19.2,21.5,22.9,18.8,12.8,6.4,2.3,1.3,137,48,12,2,0,0,0,0,0,2,28,91,1,12,72,161,304,409,526,518,359,158,26,5,664,471,367,235,119,35,6,8,66,258,459,602,0,0,0,3,16,57,125,121,36,0,0,0,3,6,16,24,30,30,31,31,29,25,12,5,18,6,1,0,0,0,0,0,0,0,5,19,0,19,47,81,123,144,162,138,85,42,15,0,0,0,23,56,88,113,144,109,69,21,0,0,71,69,62,57,55,56,54,54,55,61,74,75,3.19,1.42,-1.24,-4.5,-6.32,-9.17,-13.8,-12.57,-9.58,-4.12,1.76,4.43
271,271,49.089373,-121.455619,1264,-0.5,2.6,6,8.7,13.3,16.5,20.2,20.7,16.7,10,3.3,0.6,-6.5,-4.2,-2.5,-0.8,2.7,5.8,8.8,9.6,6.9,2,-2.9,-4.9,-3.5,-0.8,1.7,3.9,8,11.2,14.5,15.2,11.8,6,0.2,-2.2,238,142,124,109,84,75,50,55,79,165,232,248,4.2,7.1,11.1,16.2,20.1,23,24.4,20.5,14.3,7.5,4.5,3,139,74,42,16,1,0,0,0,0,7,59,105,0,0,9,31,107,186,294,316,208,71,5,0,667,523,507,422,310,206,113,99,189,374,534,622,0,0,0,0,0,2,7,11,6,0,0,0,3,4,8,12,23,28,31,31,28,21,8,4,130,61,40,27,6,1,0,0,2,7,77,113,0,0,33,52,82,96,110,95,58,29,12,0,0,0,0,0,0,22,61,40,0,0,0,0,75,73,69,67,65,66,65,66,69,73,77,78,23.58,13.58,10.99,8.54,3.65,0.8,-3.54,-3.1,1.31,13.56,22.42,24.47
272,272,49.340774,-119.580983,564,-0.2,4.3,11,15.8,21,25.1,28.8,28.6,23.1,14.7,5.9,1.1,-5.9,-2.3,1.1,3.5,7.5,11.2,14,14,9.9,4.2,-0.3,-4,-3.1,1,6.1,9.6,14.2,18.1,21.4,21.3,16.5,9.4,2.8,-1.4,32,21,21,31,38,33,19,30,19,23,28,40,2.2,5.5,10.2,15.1,18.9,20.9,22.7,18.6,12.6,6.3,2.3,1.3,129,48,12,2,0,0,0,0,0,2,27,90,1,12,68,145,289,393,508,505,345,150,26,5,654,471,372,252,132,42,8,9,76,267,457,600,0,0,0,2,13,48,112,112,31,0,0,0,4,8,18,24,30,30,31,31,30,26,14,6,16,5,1,0,0,0,0,0,0,0,4,15,0,17,43,75,115,136,153,129,78,38,13,0,0,0,22,44,76,103,134,99,59,15,0,0,76,75,67,61,59,59,57,58,60,66,78,80,2.95,1.1,-1.06,-3.04,-4.99,-7.86,-12.22,-10.83,-7.9,-3.01,1.42,3.57
273,273,49.341783,-117.874012,1210,-2.5,1.5,7,11.4,16.6,20.3,24.7,24.7,19.1,10.5,2.8,-1.1,-8.2,-5.2,-2,0.9,5,8.6,11.9,12.1,8.2,2.5,-2.6,-6.2,-5.3,-1.8,2.5,6.2,10.8,14.5,18.3,18.4,13.6,6.5,0.1,-3.6,96,62,67,56,63,66,41,46,41,69,99,122,4.6,8.3,12.8,16.9,20.5,22.6,24,21.1,15.5,9,5.1,3.3,188,92,34,7,0,0,0,0,0,5,61,139,0,1,21,67,186,283,414,417,260,81,9,1,724,552,483,355,224,118,32,34,142,358,537,667,0,0,0,0,2,10,42,47,11,0,0,0,2,3,9,17,28,30,31,31,29,22,8,3,69,35,15,4,1,0,0,0,1,2,34,75,0,0,35,60,95,112,131,111,65,29,11,0,0,0,0,4,32,46,90,64,24,0,0,0,76,73,68,65,63,64,62,63,66,73,79,79,9.65,5.79,4.92,1.99,-0.58,-1.96,-7.33,-6.64,-3.72,3.78,9.14,12.08
274,274,59.368268,-129.106906,702,-11.9,-5,1.4,7.4,15.6,20.2,22.5,21,15.1,6.5,-5.5,-10.7,-21.3,-15.8,-11.4,-3.8,1.2,6.2,8.7,7.4,3.3,-1.6,-13.6,-18.9,-16.6,-10.4,-5,1.8,8.4,13.2,15.6,14.2,9.2,2.4,-9.5,-14.8,52,49,18,13,28,46,57,38,34,40,42,41,1.4,3.7,9.3,15.3,18.8,19.4,18.8,15.1,8.5,3.9,1.7,0.9,516,293,181,33,1,0,0,0,1,26,286,459,1,0,0,18,117,247,329,286,134,27,0,0,1070,791,716,487,298,145,86,120,265,485,825,1012,0,0,0,0,0,6,11,7,2,0,0,0,0,0,0,5,18,29,31,30,23,10,0,0,52,48,18,7,2,0,0,0,2,11,40,40,0,0,0,41,85,107,112,86,43,15,0,0,0,0,0,28,57,61,55,47,9,0,0,0,58,55,50,60,55,57,58,58,62,71,65,63,5.24,4.88,1.85,-0.36,-3.1,-4.04,-4.04,-5.18,-2.29,2.45,4.2,4.06
275,275,49.829922,-123.304387,1207,0,2.5,4.8,7.4,12.5,15.2,18.3,19.1,16,9.1,3,0.6,-6.3,-4.3,-2.9,-1.2,2.5,5.4,8.4,9.1,7,1.6,-3,-4.9,-3.2,-0.9,0.9,3.1,7.5,10.3,13.4,14.1,11.5,5.3,0,-2.1,395,351,306,180,147,131,74,102,165,363,459,435,3.9,6,10.7,16.1,20.4,23,24.1,20.2,13.4,6.4,3.7,3.1,132,75,52,21,2,0,0,0,0,9,63,104,0,0,2,21,93,159,261,282,199,61,3,0,658,526,531,448,327,233,142,122,197,393,541,621,0,0,0,0,0,1,4,7,5,0,1,0,3,4,7,11,22,28,31,31,28,20,7,4,204,155,134,63,15,3,1,1,5,22,161,195,0,0,29,47,77,89,98,86,54,26,0,0,0,0,0,0,0,0,24,0,0,0,0,0,74,73,72,70,67,68,69,69,71,75,77,78,39.22,34.42,29.45,16.09,10.52,7.21,0.3,2.75,10.47,33.73,45.09,43.13
276,276,56.97977,-127.365922,1623,-7.9,-3.2,-1.5,3,9.7,13,14.8,13.8,8.9,2.3,-4.9,-7,-14.8,-11.1,-9.4,-6.1,-1.2,2.4,4.4,4.1,1.2,-3.5,-11.1,-13,-11.4,-7.2,-5.4,-1.6,4.3,7.7,9.6,9,5.1,-0.6,-8,-10,74,65,55,62,55,94,118,111,69,95,80,88,3,5.5,11,16.7,20.3,20.8,20.3,16.9,11.3,5.6,3.5,2,355,214,192,88,8,1,0,0,5,71,241,313,0,0,0,0,37,91,140,123,47,11,0,0,909,700,729,587,426,311,262,281,388,579,779,865,1,1,3,2,0,0,0,0,0,3,3,2,0,0,1,2,10,22,29,27,18,6,1,0,71,62,53,56,21,8,6,8,16,67,74,85,0,0,0,0,64,78,82,63,32,0,0,0,0,0,0,0,10,0,0,0,0,0,0,0,69,67,67,65,63,65,66,68,74,78,73,73,7.36,6.52,5.46,5.58,2.61,4.65,5.79,5.82,4.31,8.82,8,8.78
277,277,49.275567,-125.044839,373,3.4,6,9.7,12.6,17.6,20.1,23.8,24.4,20.5,13.2,7.2,4.4,-1.3,0.3,1.4,3,6.5,9.1,11.5,12,9.8,5.9,2.1,0.3,1.1,3.2,5.6,7.8,12,14.6,17.7,18.2,15.1,9.6,4.7,2.4,418,392,309,207,96,71,49,61,102,367,557,535,3.9,6.4,10,14.8,19.7,21.1,21.9,19.3,14.3,7.6,4.2,2.8,53,28,14,4,0,0,0,0,0,2,15,36,11,21,51,94,223,289,393,409,305,155,42,20,527,411,387,307,193,113,41,38,105,261,400,482,0,0,0,0,4,11,32,43,19,0,0,0,12,14,19,23,29,30,31,31,30,28,20,16,69,36,12,6,1,0,0,0,1,2,42,51,10,17,39,62,97,109,125,109,68,32,13,8,0,0,0,0,1,38,77,48,0,0,0,0,82,80,72,68,65,66,63,63,67,76,82,85,41.02,37.82,28.31,16.79,3.05,-0.49,-4.82,-3.96,2.58,32.51,53.97,52.45
278,278,50.201235,-124.843507,181,5,7.5,10.8,13.8,18.6,21.2,24,24.2,20,13.5,8.1,5.6,-0.4,1.6,2.9,4.4,7.8,10.4,12.5,12.9,10.1,6.3,2.6,1.1,2.3,4.5,6.9,9.1,13.2,15.8,18.3,18.5,15,9.9,5.3,3.4,210,166,146,90,68,79,49,60,83,188,240,250,3.3,5.7,9.5,14.1,18.8,20.4,21.1,18.4,12.9,6.2,3.4,2.5,39,20,10,2,0,0,0,0,0,1,12,28,19,35,73,125,258,324,411,419,302,163,51,29,489,373,347,268,162,86,33,33,107,252,380,450,0,0,1,1,7,19,41,49,19,1,2,0,14,18,23,26,30,30,31,31,30,29,21,18,23,8,3,1,0,0,0,0,1,1,14,16,10,18,39,63,98,111,122,104,63,31,13,8,0,0,0,0,31,32,73,44,0,0,0,0,81,79,74,70,66,67,65,66,69,76,81,84,19.94,14.89,11.68,4.47,0.02,0.08,-4.43,-3.4,1.2,14.56,22.05,23.79
279,279,53.070389,-122.445381,671,-4.7,1.9,7.9,12.6,18.6,21.5,24.3,24.1,18.7,11.4,1.8,-3.4,-13,-7.6,-3.4,-0.1,4.3,7.7,10,9.6,5.7,1.2,-5,-10.3,-8.8,-2.8,2.3,6.2,11.4,14.6,17.2,16.8,12.2,6.3,-1.6,-6.8,73,36,27,29,46,63,49,48,50,58,54,64,2.8,5.4,10.9,15.1,18.9,21.4,21.2,17.9,11.8,5.9,3.2,2.1,274,111,36,7,0,0,0,0,0,6,93,226,0,0,20,67,203,287,378,367,218,77,3,0,831,580,489,354,209,115,50,62,180,364,587,766,0,0,0,0,4,11,25,24,7,0,0,0,0,1,6,14,26,29,31,31,27,18,4,1,67,24,7,2,1,0,0,0,1,2,27,55,0,0,34,62,103,118,128,107,61,28,0,0,0,0,7,33,56,55,79,59,11,0,0,0,65,62,60,59,56,58,58,57,60,66,73,71,7.33,3.24,0.84,-1.08,-3.28,-2.9,-6.04,-6.07,-2.62,2.37,4.93,6.36
280,280,49.59279,-123.602493,956,1.3,4,6.1,8.5,13.2,15.5,19.1,20,16.7,9.9,4.3,2.2,-4.1,-2.4,-0.8,0.4,4,6.7,9.5,10.2,8.3,3.4,-1.2,-2.6,-1.4,0.8,2.6,4.5,8.6,11.1,14.3,15.1,12.5,6.6,1.6,-0.2,390,286,269,209,138,117,72,68,149,256,390,363,4.2,6.8,10.6,15.8,20,22,23.1,20,14.1,7.5,4.4,3.2,93,50,33,13,1,0,0,0,0,5,39,68,0,4,14,36,122,183,288,313,226,84,11,4,603,476,478,406,291,209,119,101,172,353,493,561,0,0,0,0,0,2,6,11,7,0,1,0,6,8,12,16,26,29,31,31,29,24,11,8,134,70,56,40,8,2,1,1,3,7,86,92,0,16,31,49,77,87,100,88,55,26,11,0,0,0,0,0,0,0,28,20,0,0,0,0,78,76,75,72,70,72,70,70,73,78,80,81,38.52,27.65,25.47,18.64,9.24,6.13,-0.03,-0.8,9,22.82,37.99,35.63
281,281,49.849149,-115.398208,1964,-6.9,-3.2,1,5.4,10.8,15.2,19.1,19,13.9,6.9,-2.2,-5.9,-14,-10.8,-7.6,-3.9,0.2,4.3,7.3,7.7,3.6,-1.7,-8.4,-12.6,-10.4,-7,-3.3,0.7,5.5,9.8,13.2,13.3,8.7,2.6,-5.3,-9.2,104,64,64,63,78,86,63,53,59,76,106,115,4.7,8.5,13.4,17.3,20.7,22.9,24.5,22.1,15.6,9,5,3.9,325,210,134,46,4,0,0,0,1,24,182,288,0,0,0,10,53,145,256,260,122,29,0,0,880,695,661,518,389,248,146,146,279,479,699,841,0,0,0,0,0,1,3,5,2,0,1,0,0,0,1,4,15,27,31,30,24,10,1,0,99,60,59,43,19,3,1,1,4,19,87,110,0,0,0,43,73,92,107,90,53,25,0,0,0,0,0,0,0,6,44,37,0,0,0,0,69,68,65,66,65,65,63,65,66,70,74,71,10.43,6.36,6.11,4.95,4.24,1.95,-2.39,-3.22,0.33,5.71,10.59,11.51
282,282,49.528494,-124.644989,8,5.8,8.3,11.6,14.4,19,21.6,24.5,24.8,20.8,14.4,9,6.6,0.4,2.1,3.4,4.6,8,10.9,12.8,13,10.2,6.5,3.1,1.8,3.1,5.2,7.5,9.5,13.5,16.2,18.7,18.9,15.5,10.4,6.1,4.2,166,137,109,58,42,42,28,29,43,125,199,194,3.4,5.6,9.4,14.5,19.2,20.6,21.3,18.4,13,6.4,3.6,2.4,32,17,8,2,0,0,0,0,0,1,9,23,26,43,86,134,267,337,423,432,315,177,63,38,464,355,328,257,153,77,28,28,97,235,358,425,0,0,1,1,8,23,48,57,22,1,1,0,16,19,25,26,30,30,31,31,30,29,23,20,13,5,1,1,0,0,0,0,0,0,9,9,11,19,41,66,101,113,126,108,67,34,15,9,0,0,0,8,59,71,98,80,24,0,0,0,81,79,73,68,65,67,65,65,67,74,80,83,15.29,11.75,7.64,1.02,-2.66,-3.63,-6.78,-6.84,-3.14,7.97,17.75,17.91
283,283,51.187451,-124.009464,1432,-3.1,1.1,4.7,7.8,13.5,16.7,19.6,19.6,15.9,9,1.2,-3.5,-12.5,-9.4,-6.7,-3.3,0.6,3.7,5.9,6.1,3.4,-1,-7.2,-11.5,-7.8,-4.2,-1,2.2,7,10.2,12.7,12.9,9.6,4,-3,-7.5,101,69,64,34,36,44,35,38,31,99,123,108,3.4,5.7,10.7,15.3,19.4,22.1,22.8,19,12.7,6.2,3.7,2.5,251,142,83,28,2,0,0,0,1,15,127,244,0,0,0,15,83,156,241,245,147,42,0,0,800,617,591,474,340,236,164,161,252,436,630,786,0,0,0,0,0,1,3,4,3,0,1,0,0,1,2,5,16,25,30,30,23,12,2,1,88,55,47,16,4,1,0,1,2,13,79,98,0,0,0,50,85,101,112,94,58,27,0,0,0,0,0,16,48,57,77,56,27,0,0,0,61,58,58,61,59,59,58,58,60,66,67,66,10.11,6.74,5.56,1.42,-1.24,-2.99,-5.43,-5.1,-3.71,7.44,11.94,10.85
284,284,55.062382,-123.033737,814,-7.8,-1.7,3.2,8.5,15.1,18.7,21.3,20.9,15,7.8,-1.4,-6.1,-15.5,-10.4,-7,-2,2.2,6.4,8.7,8.3,4.3,0.1,-7.6,-12.4,-11.6,-6.1,-1.9,3.2,8.6,12.6,15,14.6,9.6,3.9,-4.5,-9.2,88,73,65,44,54,65,58,50,61,88,97,98,2.2,4.8,10.3,15.2,18.7,20.6,20.2,17.3,10.5,4.8,2.5,1.6,363,188,102,20,1,0,0,0,1,15,164,288,0,0,0,27,123,227,306,296,145,42,0,0,917,670,619,444,291,158,102,112,253,438,675,841,0,0,0,0,0,4,8,9,3,0,1,0,0,1,2,8,21,29,31,31,25,15,2,0,85,66,54,15,3,0,0,1,3,12,74,93,0,0,0,47,86,102,110,90,48,20,0,0,0,0,0,3,32,38,53,40,0,0,0,0,66,64,61,63,59,62,62,61,65,73,74,72,8.79,7.26,5.93,2.27,-0.35,-1.13,-3.13,-3.77,0.43,6.88,9.61,9.81
285,285,50.617274,-120.883198,1213,-2.6,1.9,6.7,10.7,16.3,19.9,23.6,23.4,18.3,11,2.1,-1.7,-12.2,-8.7,-4.6,-1.5,2.8,6.5,8.8,8.3,4.5,-0.3,-6.2,-10.7,-7.4,-3.4,1.1,4.6,9.6,13.2,16.2,15.8,11.4,5.4,-2,-6.2,34,21,15,23,31,34,33,35,32,23,28,37,3.7,6.7,11.8,16.6,20.3,22.7,23.5,19.5,14,7.6,4,2.6,240,124,50,12,0,0,0,0,0,9,103,208,0,0,10,42,149,245,349,336,197,61,1,0,787,595,527,402,262,146,71,83,198,393,600,746,0,0,0,0,0,6,16,16,5,0,0,0,1,1,4,10,23,29,31,31,25,14,3,1,29,16,6,4,1,0,0,0,1,1,15,31,0,0,35,59,96,114,131,110,66,31,0,0,0,0,20,36,65,80,98,76,34,9,0,0,60,58,59,59,58,59,56,55,57,63,67,63,3.4,1.85,-0.04,-0.83,-3.79,-5.45,-8.11,-7.8,-4.96,-1.07,2.35,3.7
286,286,52.592306,-126.077993,1690,-4.1,0.1,3.6,5.4,11.4,13.9,16.4,16.4,12.4,5.6,-1.1,-4.5,-13.3,-10,-8.1,-5.2,-0.7,1.9,4.4,4.7,1.6,-2.6,-9.2,-12,-8.7,-4.9,-2.3,0.1,5.3,7.9,10.4,10.5,7,1.5,-5.1,-8.3,215,110,112,94,66,79,47,76,99,190,263,231,4.5,6.6,11.8,15.2,20,22.3,22.7,19.7,13.5,7.2,4.7,3.2,272,160,110,55,5,1,0,0,2,36,178,265,0,0,0,1,51,97,164,169,81,21,0,0,828,638,630,536,393,302,237,233,330,513,694,811,0,0,1,0,0,0,0,1,0,0,2,1,0,1,1,3,12,21,29,28,19,8,1,0,195,94,96,72,17,6,2,3,13,75,212,215,0,0,0,42,75,88,95,79,47,21,0,0,0,0,0,0,9,8,48,4,0,0,0,0,61,59,55,61,60,61,62,63,64,70,66,68,21.5,11.02,10.64,8.25,2.92,2.54,-2.54,0.39,5.51,17.58,26.31,23.1
287,287,54.706009,-127.037826,626,-5.1,1.5,6.4,10.7,16.9,19.5,22.3,21.8,17.1,9.7,1.1,-3.5,-12.7,-7.6,-3.5,-0.5,3.3,6,8.2,8.1,4.4,0.9,-5.3,-10.2,-8.9,-3.1,1.4,5.1,10.1,12.8,15.3,14.9,10.8,5.3,-2.1,-6.9,48,32,25,24,38,50,39,42,38,56,52,55,2.2,4.4,9.4,13.5,17.9,19.6,19.8,16.7,10.5,4.7,2.5,1.4,275,117,45,10,0,0,0,0,0,9,105,227,0,0,10,46,164,233,319,305,179,61,0,0,833,586,516,388,239,154,94,104,218,394,603,768,0,0,1,0,1,5,10,10,4,0,2,0,0,1,6,13,24,29,31,31,25,17,4,1,44,22,9,3,1,0,0,0,1,4,29,48,0,0,29,53,94,108,118,95,55,23,0,0,0,0,4,29,56,59,79,54,17,0,0,0,67,64,64,63,57,58,58,59,60,70,74,71,4.84,2.9,1.14,-0.57,-3.23,-3.14,-5.76,-5.12,-3.12,3.01,4.82,5.45
288,288,49.877853,-117.571272,1859,-5,-1.4,3.1,7.2,12.3,15.5,19.5,20.1,15,6.4,-1.4,-4.3,-10.5,-7.5,-5.2,-2,2,6,10,9.7,6.3,0.2,-6.1,-9.6,-7.8,-4.5,-1,2.6,7.2,10.7,14.7,14.9,10.6,3.3,-3.7,-6.9,162,98,112,108,75,84,58,60,59,141,172,197,3.4,6.9,11.9,16.1,19.7,21.7,23,19.8,13.7,7.4,3.7,2.5,250,149,83,25,2,0,0,0,1,19,144,230,0,0,0,21,86,173,300,304,175,35,0,0,798,625,592,462,336,218,108,105,222,457,651,770,0,0,0,0,0,2,7,10,4,0,1,0,1,2,3,8,21,29,31,31,28,15,3,1,141,81,82,46,9,1,0,1,2,26,121,173,0,0,0,48,77,89,101,90,52,22,0,0,0,0,0,0,3,5,42,30,0,0,0,0,76,74,68,67,66,69,70,68,72,78,80,77,16.16,9.74,10.45,8.83,3.04,1.98,-2.21,-2.6,-0.15,12.34,17.09,19.69
289,289,49.297884,-119.529898,792,-0.9,3.7,9.8,14.6,19.7,23.8,27.5,27.6,22.1,13.8,5,0.3,-7,-3.4,-0.1,2.4,6.5,10.2,12.9,12.8,8.9,3.2,-1.4,-5.2,-3.9,0.1,4.9,8.5,13.1,17,20.2,20.2,15.5,8.5,1.8,-2.4,39,27,27,35,47,39,21,32,21,29,36,51,1.3,4.5,9.2,14.1,17.9,19.8,21.5,17.2,11.1,5.1,1.3,0.6,150,59,17,3,0,0,0,0,0,2,37,110,0,7,49,117,255,359,471,471,316,126,18,3,680,496,409,286,164,62,14,16,96,296,487,630,0,0,0,0,8,31,83,85,22,0,0,0,3,6,15,22,29,30,31,31,29,24,11,4,23,9,2,1,0,0,0,0,0,0,7,24,0,16,41,71,110,130,147,126,76,37,13,0,0,0,14,37,63,91,126,93,55,7,0,0,74,73,67,61,59,59,58,57,60,66,77,77,3.74,1.9,0.02,-1.88,-3.65,-6.65,-11.26,-10.19,-7.41,-1.86,2.41,4.77
290,290,49.123459,-123.701987,-41,6.8,8.9,11.8,14.2,18.3,20.7,23.6,24.2,20.4,14.4,9.9,7.7,1.3,3.1,4.5,5.8,9.2,11.8,14.1,14.3,11.9,7.7,4.1,3,4.1,6,8.1,10,13.8,16.2,18.9,19.2,16.2,11.1,7,5.3,144,112,95,58,41,41,23,30,41,98,161,167,3.4,6,9.7,15,19.1,21,21.9,18.8,13.3,6.5,3.6,2.6,25,13,7,2,0,0,0,0,0,1,7,17,36,55,101,148,275,337,430,441,336,194,81,53,435,332,308,241,145,77,25,24,82,215,330,391,0,0,2,2,9,23,52,63,28,2,1,0,19,22,27,28,31,30,31,31,30,30,25,23,8,3,1,0,0,0,0,0,0,0,5,5,12,20,40,62,93,103,115,101,62,32,15,10,0,0,0,5,52,62,92,71,21,0,0,0,81,80,76,73,71,73,71,70,74,78,80,84,12.86,9.05,6.19,1.21,-1.98,-2.72,-6.03,-5.69,-2.54,5.52,13.65,15.03
291,291,48.942073,-123.550833,-16,6.7,9.2,12.3,14.7,18.7,21.2,24,24.6,21,14.9,10,7.6,1,2.8,4.2,5.5,8.7,11.3,13.2,13.4,11.2,7.6,3.9,2.7,3.8,6,8.2,10.1,13.7,16.2,18.6,19,16.1,11.3,6.9,5.1,146,110,90,55,39,39,22,30,38,97,158,167,-9999,-9999,-9999,-9999,-9999,-9999,-9999,-9999,-9999,-9999,-9999,-9999,27,14,6,2,0,0,0,0,0,1,7,18,33,54,103,151,274,337,422,434,334,199,79,51,443,333,305,237,147,77,28,27,83,211,333,396,0,0,2,2,9,23,47,58,27,2,1,0,18,21,26,27,30,30,31,31,30,30,24,23,9,3,1,0,0,0,0,0,0,0,5,5,12,21,43,66,98,109,121,107,67,34,16,10,0,0,0,11,59,71,100,77,29,0,0,0,80,78,73,70,68,69,67,66,70,76,79,83,13.16,8.8,5.44,0.57,-2.57,-3.54,-6.79,-6.36,-3.44,5.1,13.24,15.02
292,292,50.479805,-120.537109,1440,-2.3,1.5,5.3,8.6,14.1,17.8,21.3,21.3,16.5,9.5,1.5,-1.8,-13,-9.5,-5.4,-2.3,1.8,5.3,7.7,7.4,4,-0.8,-6.8,-11.1,-7.6,-4,-0.1,3.1,8,11.5,14.5,14.4,10.3,4.4,-2.7,-6.5,48,34,19,28,34,37,38,36,37,34,42,60,3.6,6.7,11.8,16.6,20.3,22.7,23.5,19.6,13.9,7.6,3.9,2.6,246,138,66,21,1,0,0,0,1,13,119,216,0,0,2,25,106,197,293,290,165,47,0,0,794,612,562,446,311,195,115,117,233,424,620,755,0,0,0,0,0,3,6,8,3,0,1,0,0,1,3,7,20,28,31,30,25,12,2,1,41,27,11,10,3,0,0,0,2,4,25,51,0,0,0,53,87,104,119,102,60,29,0,0,0,0,0,25,53,67,80,66,23,0,0,0,56,57,61,62,60,61,59,58,61,65,67,61,4.75,3.27,0.79,0.48,-2.02,-4.09,-6,-6.36,-3.54,0.7,3.79,6
293,293,50.273209,-124.794443,238,4.6,7.1,10.4,13.3,18.2,20.8,23.5,23.7,19.6,13.1,7.7,5.3,-0.8,1.1,2.5,4.1,7.4,10.1,12.2,12.6,9.9,6,2.1,0.6,1.9,4.1,6.5,8.7,12.8,15.4,17.9,18.2,14.8,9.6,4.9,2.9,255,204,184,111,85,100,60,75,106,227,284,310,3,5.4,9.3,13.8,18.6,20.2,21.1,18,12.3,5.8,3.1,2.1,44,22,11,3,0,0,0,0,0,2,13,31,16,30,65,114,246,313,400,408,294,154,45,25,502,385,360,281,172,94,38,38,113,262,392,464,0,0,1,1,6,16,35,43,17,0,2,0,13,16,22,25,30,30,31,31,30,29,20,17,32,12,4,2,0,0,0,0,1,1,19,23,10,18,38,61,96,109,120,102,62,30,13,8,0,0,0,0,11,9,59,26,0,0,0,0,80,79,73,70,66,67,66,66,70,77,81,84,24.47,18.74,15.59,6.88,1.93,2.36,-3.08,-1.62,3.69,18.71,26.57,29.79
294,294,49.792066,-115.739281,870,-2.8,3.5,9.3,14.5,19.5,23.9,28.2,28,22.1,13.2,3.5,-1.8,-11.5,-7.2,-2.7,0.7,4.6,8.5,11.1,10.4,5.8,0.4,-4.2,-9.4,-7.1,-1.8,3.3,7.6,12.1,16.2,19.6,19.2,13.9,6.8,-0.4,-5.6,35,21,21,34,41,47,29,26,29,23,38,38,2.9,6.7,11.6,15.7,19.4,21.5,23,20.1,13.4,6.8,3,2.3,234,91,27,4,0,0,0,0,0,5,69,193,0,3,32,98,223,335,454,441,270,88,9,0,779,551,458,313,193,78,18,24,134,347,551,729,0,0,0,0,6,23,70,63,13,0,0,0,1,2,8,16,27,30,31,31,27,16,5,1,30,11,3,1,0,0,0,0,0,1,15,30,0,0,41,73,111,135,155,133,79,37,0,0,0,0,21,39,70,87,127,107,50,14,0,0,63,59,59,56,55,55,51,50,51,59,71,68,3.52,1.46,-0.32,-1.89,-4.53,-6.52,-11.96,-12.3,-7.5,-2.11,3.07,3.76
295,295,53.698625,-128.784801,305,-0.5,3.5,7.6,10.6,16.3,18.3,20.9,20.8,16.7,9.8,3.7,1,-5.3,-1.9,0.4,1.9,5.6,8.5,11.2,11.6,8.6,4.5,-0.5,-3,-2.9,0.8,4,6.2,11,13.4,16,16.2,12.6,7.2,1.6,-1,334,336,240,237,120,114,93,122,242,510,404,400,1.6,4,8.2,12.2,17.4,18.8,18.3,15.2,9.7,4.3,1.9,1,125,50,22,7,0,0,0,0,0,4,39,82,0,6,28,61,190,252,343,347,231,95,11,4,649,477,436,354,220,141,75,75,168,337,492,586,0,1,2,0,2,6,14,18,8,1,2,1,4,9,16,20,28,30,31,31,29,26,13,7,164,83,24,18,2,0,0,1,5,11,88,131,0,12,29,51,87,95,101,83,48,20,7,0,0,0,0,0,0,0,8,0,0,0,0,0,80,80,75,71,66,69,70,71,74,82,85,84,33.18,32.78,22.17,20.76,5.98,4.93,1.88,4.92,18.77,48.47,39.51,39.53
296,296,52.38214,-120.117401,1389,-5.2,-0.5,4.4,8.4,14.3,17.8,20.8,20.7,15.5,7.5,-0.5,-4.4,-12.1,-8.8,-5.4,-2.2,2,5.5,8.1,8.1,4.6,-0.2,-6.3,-10.1,-8.7,-4.7,-0.5,3.1,8.2,11.6,14.4,14.4,10.1,3.6,-3.4,-7.2,138,97,77,79,72,84,85,81,80,122,122,144,3.3,5.6,12.3,16.1,19.3,20.9,21.4,18.7,12.9,6.5,3.3,2.5,270,153,74,21,1,0,0,0,1,17,136,237,0,0,1,24,111,200,291,291,159,39,0,0,826,630,577,448,305,191,116,116,239,447,642,779,0,0,1,0,0,3,6,8,3,0,2,0,1,1,3,8,21,28,31,31,26,14,3,1,125,81,52,28,5,1,1,1,4,19,82,128,0,0,0,50,85,102,112,94,53,22,0,0,0,0,0,0,14,18,27,12,0,0,0,0,70,66,63,63,60,61,61,61,65,73,76,75,13.84,9.68,6.83,5.75,1.65,0.7,-0.72,-1.04,1.62,10.25,11.97,14.41
297,297,53.73448,-122.862947,754,-5.2,1.3,6.5,11.2,17.6,20.4,23.3,23.1,17.3,10.2,0.8,-3.8,-13.9,-8.3,-4.5,-1,3.6,7,9.2,8.8,4.7,0.6,-6.1,-11.2,-9.6,-3.5,1,5.1,10.6,13.7,16.3,15.9,11,5.4,-2.7,-7.5,64,43,34,32,45,71,54,47,54,68,58,58,2.7,5.3,10.8,15.2,19,21.6,21.1,18,11.8,5.7,3.1,2,300,126,51,10,0,0,0,0,0,8,118,245,0,0,10,49,179,261,350,340,186,62,1,0,854,598,529,387,229,134,70,81,207,392,619,788,0,0,0,0,2,7,16,16,4,0,1,0,0,1,4,11,25,29,31,31,26,17,3,1,60,32,15,4,1,0,0,0,2,4,35,52,0,0,31,57,98,113,123,102,56,25,0,0,0,0,0,25,53,42,70,56,2,0,0,0,63,62,60,60,56,59,58,57,61,68,72,68,6.43,4.09,2.06,-0.08,-2.94,-1.6,-5.04,-5.65,-1.58,3.91,5.46,5.81
298,298,48.641258,-123.650498,323,4.4,6.9,10.3,12.9,17.4,20.4,23.7,24.4,20.5,13.6,7.8,5.3,-0.5,0.9,2.4,3.6,6.7,9.4,11.8,12.2,10.2,6.3,2.4,1,2,3.9,6.3,8.3,12,14.9,17.7,18.3,15.3,9.9,5.1,3.1,246,188,148,86,43,42,24,28,45,141,265,287,3.4,6.2,9.6,14.7,18.8,20.5,21.3,18.4,13.4,6.6,3.7,2.5,43,23,11,3,0,0,0,0,0,1,13,30,16,28,64,106,223,296,395,411,311,163,47,26,500,390,364,292,194,107,40,36,100,251,388,458,0,0,0,0,3,13,32,44,21,0,0,0,14,16,22,24,29,30,31,31,30,29,21,18,30,12,4,2,0,0,0,0,0,1,17,20,11,19,40,63,95,111,125,110,68,33,14,9,0,0,0,0,53,69,101,82,23,0,0,0,82,79,73,69,66,66,64,63,68,76,82,85,23.61,17.22,12.01,4.53,-2.07,-3.45,-7.12,-7.18,-3.04,9.75,24.69,27.56
299,299,54.905454,-122.936626,785,-7.6,-1.4,3.8,8.8,15.5,19.2,21.8,21.5,15.6,8.2,-1.2,-5.8,-15.6,-10.3,-6.9,-1.8,2.4,6.6,8.8,8.4,4.3,0.2,-7.3,-12.2,-11.6,-5.9,-1.5,3.5,9,12.9,15.3,15,9.9,4.2,-4.3,-9,94,80,68,48,54,63,54,50,58,93,98,103,2.4,5.1,10.6,15.3,18.9,20.7,20.3,17.5,10.8,5.1,2.8,1.8,362,183,93,18,1,0,0,0,1,13,157,282,0,0,0,30,132,236,321,306,155,45,0,0,917,664,607,435,281,153,93,103,242,429,668,833,0,0,0,0,0,5,10,10,3,0,1,0,0,1,2,9,22,29,31,31,25,15,2,0,91,72,54,14,2,0,0,0,3,11,73,97,0,0,0,48,88,105,114,93,50,20,0,0,0,0,0,1,34,42,59,43,0,0,0,0,65,63,59,63,58,61,60,60,64,73,74,72,9.42,8,6.16,2.53,-0.62,-1.56,-3.85,-4.17,-0.27,7.2,9.73,10.27
300,300,50.890994,-119.262844,856,-2.7,1.7,7.4,12.2,18.1,21.4,25,24.9,19.1,10.4,2.4,-1.6,-9.3,-6,-2.6,1.1,5.4,9.3,11.7,11.6,7.9,2.5,-2.9,-6.9,-6,-2.1,2.4,6.6,11.8,15.3,18.3,18.3,13.5,6.5,-0.2,-4.3,96,55,42,49,55,55,47,48,54,57,78,111,2.7,5.8,10.9,15.7,19.5,21.3,22.3,19,12.8,6.7,2.9,1.9,205,97,35,6,0,0,0,0,0,6,66,156,0,0,20,75,212,310,413,412,257,81,7,0,745,560,486,341,200,97,32,36,145,358,547,687,0,0,0,0,4,16,42,45,11,0,0,0,1,3,8,18,28,30,31,31,29,22,8,2,74,32,10,3,1,0,0,0,1,2,29,75,0,0,35,61,100,115,131,111,63,27,0,0,0,0,0,12,46,61,84,62,9,0,0,0,72,70,65,64,60,63,60,61,65,73,79,78,9.56,5.06,2.44,1.08,-2.03,-3.41,-6.57,-6.38,-2.16,2.68,7.16,10.99
301,301,50.120438,-115.545638,1566,-5.2,-0.4,4.5,9.1,14.4,19,23,22.9,17.5,9.8,0.5,-4.5,-13.9,-10.1,-6.2,-2.4,1.7,5.7,8.5,8.1,4.1,-1.2,-7.5,-12.3,-9.5,-5.2,-0.8,3.3,8.1,12.4,15.7,15.5,10.8,4.3,-3.5,-8.4,73,45,42,52,63,72,48,46,48,51,68,82,3.9,7.7,12.6,16.6,20,22,23.4,20.9,14.2,8,4.2,3.3,299,167,80,19,1,0,0,0,0,13,139,268,0,0,4,30,108,222,334,326,179,46,0,0,853,647,586,440,309,169,82,92,218,427,645,814,0,0,0,0,0,4,12,13,4,0,0,0,0,1,2,7,20,28,31,31,25,11,2,0,68,39,30,17,5,0,0,0,2,6,47,76,0,0,0,55,89,111,128,109,64,30,0,0,0,0,0,2,25,39,80,63,16,0,0,0,63,60,60,61,59,59,57,56,58,63,68,66,7.29,4.52,3.32,2.74,0.69,-1.45,-6.5,-6.68,-3.11,2.24,6.62,8.19
302,302,53.346741,-132.65596,142,4.2,6.4,7.8,9.3,12.3,14.2,16.6,17.7,16.2,11.5,6.8,5.2,0.1,1.6,2.3,2.6,5.5,8,10.6,11.3,9.6,5.9,2.4,1.3,2.1,4,5,6,8.9,11.1,13.6,14.5,12.9,8.7,4.6,3.2,278,291,274,260,105,87,72,103,213,484,352,413,2.3,4.7,8.6,14,18.3,19.1,17.9,15.2,10.7,5.6,2.8,1.6,41,23,17,8,1,0,0,0,0,2,15,29,14,24,34,53,130,185,268,293,237,131,36,24,495,388,404,362,283,207,137,114,162,289,401,455,0,0,2,1,0,2,4,8,9,2,2,0,15,18,22,22,28,30,31,31,29,28,21,19,32,18,15,23,5,1,1,1,4,4,27,28,7,13,27,44,64,70,75,66,44,22,9,6,0,0,0,0,0,0,3,0,0,0,0,0,85,83,81,77,77,80,81,80,79,81,85,86,26.91,27.68,25.57,23.68,6.95,4.54,2.41,5.11,16.5,45.31,33.67,40.21
303,303,49.079807,-116.096941,1257,-2.3,1.9,6.8,11.2,16,20.2,24.5,25,19.4,10.7,2.2,-1.7,-10.1,-6.1,-2.9,0,3.8,7.5,10.7,10.5,6.3,1.1,-3.7,-8,-6.2,-2.1,2,5.6,9.9,13.8,17.6,17.7,12.9,5.9,-0.8,-4.9,96,58,62,59,71,65,38,35,40,60,108,102,2.2,5.8,10.7,15,19.2,21.5,23.1,19.6,12.4,6,2.3,1.6,210,96,39,9,0,0,0,0,0,7,76,171,0,1,18,58,160,264,391,395,236,70,6,0,750,558,499,374,251,132,43,45,162,376,563,705,0,0,0,0,0,8,31,36,9,0,0,0,1,2,7,14,26,29,31,31,28,18,6,2,75,34,18,6,2,0,0,0,1,3,45,75,0,0,36,61,94,114,133,117,70,32,0,0,0,0,0,2,23,50,95,82,30,0,0,0,67,68,65,63,61,61,59,57,59,68,77,73,9.6,5.33,4.56,2.49,0.32,-2.32,-7.85,-8.7,-4.59,2.76,10.22,10.17
304,304,50.899031,-118.815257,1008,-3.6,0.6,6,11.1,17.3,20.6,24.2,24.1,18.5,9.4,1.7,-2.4,-9.6,-6,-2.6,1,5.3,8.8,11.4,11.8,8.1,2.4,-3.4,-7.1,-6.6,-2.7,1.7,6.1,11.3,14.7,17.8,17.9,13.3,5.9,-0.9,-4.7,131,76,62,83,69,68,58,55,70,103,114,150,2.3,5.2,10.3,14.8,18.4,20.1,21,17.7,11.7,5.7,2.5,1.6,220,108,42,7,0,0,0,0,0,7,78,168,0,0,15,65,199,290,397,402,251,70,5,0,763,575,507,359,212,112,39,41,151,376,566,702,0,0,0,0,3,12,34,39,10,0,0,0,1,3,8,17,28,30,31,31,29,22,7,2,106,50,20,7,1,0,0,0,1,5,49,109,0,0,31,57,96,112,127,106,60,25,0,0,0,0,0,0,27,43,69,50,0,0,0,0,74,73,69,66,62,64,62,63,68,76,80,80,13.1,7.29,4.85,4.94,-0.18,-1.71,-5.04,-5.07,-0.14,7.73,10.86,14.94
